iter,best_objective
1,3440.30518938897
2,3344.4043049933834
3,3253.764999402132
4,3168.154682928757
5,3100.5905837154423
6,3033.2491707717422
7,2975.719746563027
8,2913.94836421902
9,2857.196319731677
10,2795.464284755031
11,2740.6167990515264
12,2675.0362793927347
13,2611.070705114964
14,2551.3820659390967
15,2480.7586730855423
16,2433.419356056101
17,2387.318722233641
18,2342.829128277483
19,2299.1038559112917
20,2257.156578713454
21,2215.4613475100014
22,2172.272251386449
23,2131.769665698361
24,2093.987394111352
25,2056.7301900663115
26,2020.7422903905153
27,1986.775779817747
28,1953.876585018153
29,1924.0878703457101
30,1894.77924315096
31,1866.8778662976783
32,1839.2543953962847
33,1812.20681607064
34,1785.4667082570072
35,1751.5522202002667
36,1728.2522881107275
37,1705.4172469141681
38,1630.4091907025427
39,1608.0442844249833
40,1585.7907699118412
41,1563.780619312172
42,1534.3754775875789
43,1515.3348786770855
44,1494.4988668656545
45,1476.6800031707367
46,1458.9120946742999
47,1444.6422257608438
48,1431.602705614835
49,1418.8854954148142
50,1406.5115703293545
51,1394.419403012604
52,1385.150439902518
53,1377.4272068164046
54,1370.3093516654253
55,1363.5631690050782
56,1357.8818638098146
57,1353.1953567622045
58,1335.928006345534
59,1307.2381771146643
60,1302.608856926195
61,1290.4543469928221
62,1281.0102140437255
63,1276.5538009556071
64,1269.7682254499225
65,1264.4948396670416
66,1259.3284469608154
67,1255.8201680840732
68,1246.5640420143457
69,1243.3520335518333
70,1222.9884853125443
71,1211.3112622814451
72,1205.038289576439
73,1196.8981567699311
74,1193.1795383116792
75,1189.8727006517283
76,1187.402956998513
77,1181.96494034293
78,1180.280556419908
79,1178.772100433503
80,1176.6443042333374
81,1175.523346798015
82,1174.155735114712
83,1168.7802010710561
84,1143.3827167157692
85,1125.626273300461
86,1118.3526454382281
87,1108.2775391102043
88,1101.7047175619746
89,1098.8746495062387
90,1084.0114996573457
91,1077.3588578097888
92,1074.470873037061
93,1072.2591140353961
94,1067.703105668209
95,1062.0544835841865
96,1060.3941200587822
97,1052.5787983830774
98,1047.8097209839152
99,1044.0449643617585
100,1040.941138585302
101,1027.9333348318892
102,1026.007677573125
103,1025.8270178910439
104,1023.5573925250936
105,1019.7186710881217
106,1019.6483944727053
107,1019.6483944727053
108,1019.6483944727053
109,1019.6483944727053
110,1019.6483944727053
111,1018.6575187770468
112,1018.5872421616302
113,1018.5872421616302
114,1016.7825485026177
115,1016.7825485026177
116,1016.7825485026177
117,1016.7825485026177
118,1016.1471986217394
119,1016.0306147907921
120,1015.9692812756501
121,1015.9692812756501
122,1015.9692812756501
123,1015.2628071233079
124,1015.1834335045141
125,1015.1834335045141
126,1015.1834335045141
127,1015.1834335045141
128,1015.1834335045141
129,1015.1834335045141
130,1015.1834335045141
131,1015.1834335045141
132,1015.1363761070703
133,1015.1363761070703
134,1015.1363761070703
135,1011.6789279934101
136,1010.4947573987317
137,1009.7824180641892
138,1008.2188786451293
139,1005.3256487108558
140,1003.7062030950995
141,1003.2329428115669
142,1003.2329428115669
143,1003.2329428115669
144,1003.2329428115669
145,1003.2329428115669
146,1002.9988352828863
147,1001.2589269844842
148,1001.2589269844842
149,1001.2589269844842
150,1001.2589269844842
151,1001.2589269844842
152,1001.2589269844842
153,1000.9412331877427
154,1000.9412331877427
155,1000.9412331877427
156,1000.9412331877427
157,1000.9412331877427
158,1000.9412331877427
159,1000.9412331877427
160,999.3397898780906
161,998.4386807872082
162,998.4386807872082
163,998.3628887694044
164,998.3628887694044
165,998.3628887694044
166,998.3628887694044
167,998.3628887694044
168,998.3628887694044
169,998.3628887694044
170,998.3628887694044
171,998.3628887694044
172,998.3628887694044
173,998.3628887694044
174,998.3628887694044
175,998.3628887694044
176,998.3628887694044
177,998.3628887694044
178,998.3628887694044
179,998.3628887694044
180,998.3628887694044
181,998.3628887694044
182,998.3628887694044
183,998.3628887694044
184,998.3628887694044
185,998.3628887694044
186,998.3628887694044
187,998.3628887694044
188,998.3628887694044
189,998.3628887694044
190,998.3628887694044
191,998.3628887694044
192,998.3628887694044
193,998.3628887694044
194,998.3628887694044
195,998.3628887694044
196,998.3628887694044
197,998.3628887694044
198,998.3628887694044
199,998.3628887694044
200,998.3628887694044
201,998.3628887694044
202,998.3628887694044
203,998.3628887694044
204,998.3628887694044
205,998.3628887694044
206,998.3628887694044
207,998.3628887694044
208,998.3628887694044
209,998.3628887694044
210,998.3628887694044
211,998.3628887694044
212,998.3628887694044
213,998.3628887694044
214,998.3628887694044
215,998.3628887694044
216,998.3628887694044
217,998.3628887694044
218,998.3628887694044
219,998.3628887694044
220,998.3628887694044
221,998.3628887694044
222,998.3628887694044
223,998.3628887694044
224,998.3628887694044
225,998.3628887694044
226,998.3628887694044
227,998.3628887694044
228,998.3628887694044
229,998.3628887694044
230,998.3628887694044
231,998.3628887694044
232,998.3628887694044
233,998.3628887694044
234,998.3628887694044
235,998.3628887694044
236,998.3628887694044
237,998.3628887694044
238,998.3628887694044
239,998.3628887694044
240,998.3628887694044
241,998.3628887694044
242,998.3628887694044
243,998.3628887694044
244,998.3628887694044
245,998.3628887694044
246,998.3628887694044
247,998.3628887694044
248,998.3628887694044
249,998.3628887694044
250,998.3628887694044
251,998.3628887694044
252,998.3628887694044
253,998.3628887694044
254,998.3628887694044
255,998.3628887694044
256,998.3628887694044
257,998.3628887694044
258,998.3628887694044
259,998.3628887694044
260,998.3628887694044
261,998.3628887694044
262,998.3628887694044
263,998.3628887694044
264,998.3628887694044
265,998.3628887694044
266,998.3628887694044
267,998.3628887694044
268,998.3628887694044
269,998.3628887694044
270,998.3628887694044
271,998.3628887694044
272,998.3628887694044
273,998.3628887694044
274,998.3628887694044
275,998.3628887694044
276,998.3628887694044
277,998.3628887694044
278,998.3628887694044
279,998.3628887694044
280,998.3628887694044
281,998.3628887694044
282,998.3628887694044
283,998.3628887694044
284,998.3628887694044
285,998.3628887694044
286,998.3628887694044
287,998.3628887694044
288,998.3628887694044
289,998.3628887694044
290,998.3628887694044
291,998.3628887694044
292,998.3628887694044
293,998.3628887694044
294,998.3628887694044
295,998.3628887694044
296,998.3628887694044
297,998.3628887694044
298,998.3628887694044
299,998.3628887694044
300,998.3628887694044
301,998.3628887694044
302,998.3628887694044
303,998.3628887694044
304,998.3628887694044
305,998.3628887694044
306,998.3628887694044
307,998.3628887694044
308,998.3628887694044
309,998.3628887694044
310,998.3628887694044
311,998.3628887694044
312,998.3628887694044
313,998.3628887694044
314,998.3628887694044
315,998.3628887694044
316,998.3628887694044
317,998.3628887694044
318,998.3628887694044
319,998.3628887694044
320,998.3628887694044
321,998.3628887694044
322,998.3628887694044
323,998.3628887694044
324,998.3628887694044
325,998.3628887694044
326,998.3628887694044
327,998.3628887694044
328,998.3628887694044
329,998.3628887694044
330,998.3628887694044
331,998.3628887694044
332,998.3628887694044
333,998.3628887694044
334,998.3628887694044
335,998.3628887694044
336,998.3628887694044
337,998.3628887694044
338,998.3628887694044
339,998.3628887694044
340,998.3628887694044
341,998.3628887694044
342,998.3628887694044
343,998.3628887694044
344,998.3628887694044
345,998.3628887694044
346,998.3628887694044
347,998.3628887694044
348,998.3628887694044
349,998.3628887694044
350,998.3628887694044
351,998.3628887694044
352,998.3628887694044
353,998.3628887694044
354,998.3628887694044
355,998.3628887694044
356,998.3628887694044
357,998.3628887694044
358,998.3628887694044
359,998.3628887694044
360,998.3628887694044
361,998.3628887694044
362,998.3628887694044
363,998.3628887694044
364,998.3628887694044
365,998.3628887694044
366,998.3628887694044
367,998.3628887694044
368,998.3628887694044
369,998.3628887694044
370,998.3628887694044
371,998.3628887694044
372,998.3628887694044
373,998.3628887694044
374,998.3628887694044
375,998.3628887694044
376,998.3628887694044
377,998.3628887694044
378,998.3628887694044
379,998.3628887694044
380,998.3628887694044
381,998.3628887694044
382,998.3628887694044
383,998.3628887694044
384,998.3628887694044
385,998.3628887694044
386,998.3628887694044
387,998.3628887694044
388,998.3628887694044
389,998.3628887694044
390,998.3628887694044
391,998.3628887694044
392,998.3628887694044
393,998.3628887694044
394,998.3628887694044
395,998.3628887694044
396,998.3628887694044
397,998.3628887694044
398,998.3628887694044
399,998.3628887694044
400,998.3628887694044
401,998.3628887694044
402,998.3628887694044
403,998.3628887694044
404,998.3628887694044
405,998.3628887694044
406,998.3628887694044
407,998.3628887694044
408,998.3628887694044
409,998.3628887694044
410,998.3628887694044
411,998.3628887694044
412,998.3628887694044
413,998.3628887694044
414,998.3628887694044
415,998.3628887694044
416,998.3628887694044
417,998.3628887694044
418,998.3628887694044
419,998.3628887694044
420,998.3628887694044
421,998.3628887694044
422,998.3628887694044
423,998.3628887694044
424,998.3628887694044
425,998.3628887694044
426,998.3628887694044
427,998.3628887694044
428,998.3628887694044
429,998.3628887694044
430,998.3628887694044
431,998.3628887694044
432,998.3628887694044
433,998.3628887694044
434,998.3628887694044
435,998.3628887694044
436,998.3628887694044
437,998.3628887694044
438,998.3628887694044
439,998.3628887694044
440,998.3628887694044
441,998.3628887694044
442,998.3628887694044
443,998.3628887694044
444,998.3628887694044
445,998.3628887694044
446,998.3628887694044
447,998.3628887694044
448,998.3628887694044
449,998.3628887694044
450,998.3628887694044
451,998.3628887694044
452,998.3628887694044
453,998.3628887694044
454,998.3628887694044
455,998.3628887694044
456,998.3628887694044
457,998.3628887694044
458,998.3628887694044
459,998.3628887694044
460,998.3628887694044
461,998.3628887694044
462,998.3628887694044
463,998.3628887694044
464,998.3628887694044
465,998.3628887694044
466,998.3628887694044
467,998.3628887694044
468,998.3628887694044
469,998.3628887694044
470,998.3628887694044
471,998.3628887694044
472,998.3628887694044
473,998.3628887694044
474,998.3628887694044
475,998.3628887694044
476,998.3628887694044
477,998.3628887694044
478,998.3628887694044
479,998.3628887694044
480,998.3628887694044
481,998.3628887694044
482,998.3628887694044
483,998.3628887694044
484,998.3628887694044
485,998.3628887694044
486,998.3628887694044
487,998.3628887694044
488,998.3628887694044
489,998.3628887694044
490,998.3628887694044
491,998.3628887694044
492,998.3628887694044
493,998.3628887694044
494,998.3628887694044
495,998.3628887694044
496,998.3628887694044
497,998.3628887694044
498,998.3628887694044
499,998.3628887694044
500,998.3628887694044
501,998.3628887694044
502,998.3628887694044
503,998.3628887694044
504,998.3628887694044
505,998.3628887694044
506,998.3628887694044
507,998.3628887694044
508,998.3628887694044
509,998.3628887694044
510,998.3628887694044
511,998.3628887694044
512,998.3628887694044
513,998.3628887694044
514,998.3628887694044
515,998.3628887694044
516,998.3628887694044
517,998.3628887694044
518,998.3628887694044
519,998.3628887694044
520,998.3628887694044
521,998.3628887694044
522,998.3628887694044
523,998.3628887694044
524,998.3628887694044
525,998.3628887694044
526,998.3628887694044
527,998.3628887694044
528,998.3628887694044
529,998.3628887694044
530,998.3628887694044
531,998.3628887694044
532,998.3628887694044
533,998.3628887694044
534,998.3628887694044
535,998.3628887694044
536,998.3628887694044
537,998.3628887694044
538,998.3628887694044
539,998.3628887694044
540,998.3628887694044
541,998.3628887694044
542,998.3628887694044
543,998.3628887694044
544,998.3628887694044
545,998.3628887694044
546,998.3628887694044
547,998.3628887694044
548,998.3628887694044
549,998.3628887694044
550,998.3628887694044
551,998.3628887694044
552,998.3628887694044
553,998.3628887694044
554,998.3628887694044
555,998.3628887694044
556,998.3628887694044
557,998.3628887694044
558,998.3628887694044
559,998.3628887694044
560,998.3628887694044
561,998.3628887694044
562,998.3628887694044
563,998.3628887694044
564,998.3628887694044
565,998.3628887694044
566,998.3628887694044
567,998.3628887694044
568,998.3628887694044
569,998.3628887694044
570,998.3628887694044
571,998.3628887694044
572,998.3628887694044
573,998.3628887694044
574,998.3628887694044
575,998.3628887694044
576,998.3628887694044
577,998.3628887694044
578,998.3628887694044
579,998.3628887694044
580,998.3628887694044
581,998.3628887694044
582,998.3628887694044
583,998.3628887694044
584,998.3628887694044
585,998.3628887694044
586,998.3628887694044
587,998.3628887694044
588,998.3628887694044
589,998.3628887694044
590,998.3628887694044
591,998.3628887694044
592,998.3628887694044
593,998.3628887694044
594,998.3628887694044
595,998.3628887694044
596,998.3628887694044
597,998.3628887694044
598,998.3628887694044
599,998.3628887694044
600,998.3628887694044
601,998.3628887694044
602,998.3628887694044
603,998.3628887694044
604,998.3628887694044
605,998.3628887694044
606,998.3628887694044
607,998.3628887694044
608,998.3628887694044
609,998.3628887694044
610,998.3628887694044
611,998.3628887694044
612,998.3628887694044
613,998.3628887694044
614,998.3628887694044
615,998.3628887694044
616,998.3628887694044
617,998.3628887694044
618,998.3628887694044
619,998.3628887694044
620,998.3628887694044
621,998.3628887694044
622,998.3628887694044
623,998.3628887694044
624,998.3628887694044
625,998.3628887694044
626,998.3628887694044
627,998.3628887694044
628,998.3628887694044
629,998.3628887694044
630,998.3628887694044
631,998.3628887694044
632,998.3628887694044
633,998.3628887694044
634,998.3628887694044
635,998.3628887694044
636,998.3628887694044
637,998.3628887694044
638,998.3628887694044
639,998.3628887694044
640,998.3628887694044
641,998.3628887694044
642,998.3628887694044
643,998.3628887694044
644,998.3628887694044
645,998.3628887694044
646,998.3628887694044
647,998.3628887694044
648,998.3628887694044
649,998.3628887694044
650,998.3628887694044
651,998.3628887694044
652,998.3628887694044
653,998.3628887694044
654,998.3628887694044
655,998.3628887694044
656,998.3628887694044
657,998.3628887694044
658,998.3628887694044
659,998.3628887694044
660,998.3628887694044
661,998.3628887694044
662,998.3628887694044
663,998.3628887694044
664,998.3628887694044
665,998.3628887694044
666,998.3628887694044
667,998.3628887694044
668,998.3628887694044
669,998.3628887694044
670,998.3628887694044
671,998.3628887694044
672,998.3628887694044
673,998.3628887694044
674,998.3628887694044
675,998.3628887694044
676,998.3628887694044
677,998.3628887694044
678,998.3628887694044
679,998.3628887694044
680,998.3628887694044
681,998.3628887694044
682,998.3628887694044
683,998.3628887694044
684,998.3628887694044
685,998.3628887694044
686,998.3628887694044
687,998.3628887694044
688,998.3628887694044
689,998.3628887694044
690,998.3628887694044
691,998.3628887694044
692,998.3628887694044
693,998.3628887694044
694,998.3628887694044
695,998.3628887694044
696,998.3628887694044
697,998.3628887694044
698,998.3628887694044
699,998.3628887694044
700,998.3628887694044
701,998.3628887694044
702,998.3628887694044
703,998.3628887694044
704,998.3628887694044
705,998.3628887694044
706,998.3628887694044
707,998.3628887694044
708,998.3628887694044
709,998.3628887694044
710,998.3628887694044
711,998.3628887694044
712,998.3628887694044
713,998.3628887694044
714,998.3628887694044
715,998.3628887694044
716,998.3628887694044
717,998.3628887694044
718,998.3628887694044
719,998.3628887694044
720,998.3628887694044
721,998.3628887694044
722,998.3628887694044
723,998.3628887694044
724,998.3628887694044
725,998.3628887694044
726,998.3628887694044
727,998.3628887694044
728,998.3628887694044
729,998.3628887694044
730,998.3628887694044
731,998.3628887694044
732,998.3628887694044
733,998.3628887694044
734,998.3628887694044
735,998.3628887694044
736,998.3628887694044
737,998.3628887694044
738,998.3628887694044
739,998.3628887694044
740,998.3628887694044
741,998.3628887694044
742,998.3628887694044
743,998.3628887694044
744,998.3628887694044
745,998.3628887694044
746,998.3628887694044
747,998.3628887694044
748,998.3628887694044
749,998.3628887694044
750,998.3628887694044
751,998.3628887694044
752,998.3628887694044
753,998.3628887694044
754,998.3628887694044
755,998.3628887694044
756,998.3628887694044
757,998.3628887694044
758,998.3628887694044
759,998.3628887694044
760,998.3628887694044
761,998.3628887694044
762,998.3628887694044
763,998.3628887694044
764,998.3628887694044
765,998.3628887694044
766,998.3628887694044
767,998.3628887694044
768,998.3628887694044
769,998.3628887694044
770,998.3628887694044
771,998.3628887694044
772,998.3628887694044
773,998.3628887694044
774,998.3628887694044
775,998.3628887694044
776,998.3628887694044
777,998.3628887694044
778,998.3628887694044
779,998.3628887694044
780,998.3628887694044
781,998.3628887694044
782,998.3628887694044
783,998.3628887694044
784,998.3628887694044
785,998.3628887694044
786,998.3628887694044
787,998.3628887694044
788,998.3628887694044
789,998.3628887694044
790,998.3628887694044
791,998.3628887694044
792,998.3628887694044
793,998.3628887694044
794,998.3628887694044
795,998.3628887694044
796,998.3628887694044
797,998.3628887694044
798,998.3628887694044
799,998.3628887694044
800,998.3628887694044
801,998.3628887694044
802,998.3628887694044
803,998.3628887694044
804,998.3628887694044
805,998.3628887694044
806,998.3628887694044
807,998.3628887694044
808,998.3628887694044
809,998.3628887694044
810,998.3628887694044
811,998.3628887694044
812,998.3628887694044
813,998.3628887694044
814,998.3628887694044
815,998.3628887694044
816,998.3628887694044
817,998.3628887694044
818,998.3628887694044
819,998.3628887694044
820,998.3628887694044
821,998.3628887694044
822,998.3628887694044
823,998.3628887694044
824,998.3628887694044
825,998.3628887694044
826,998.3628887694044
827,998.3628887694044
828,998.3628887694044
829,998.3628887694044
830,998.3628887694044
831,998.3628887694044
832,998.3628887694044
833,998.3628887694044
834,998.3628887694044
835,998.3628887694044
836,998.3628887694044
837,998.3628887694044
838,998.3628887694044
839,998.3628887694044
840,998.3628887694044
841,998.3628887694044
842,998.3628887694044
843,998.3628887694044
844,998.3628887694044
845,998.3628887694044
846,998.3628887694044
847,998.3628887694044
848,998.3628887694044
849,998.3628887694044
850,998.3628887694044
851,998.3628887694044
852,998.3628887694044
853,998.3628887694044
854,998.3628887694044
855,998.3628887694044
856,998.3628887694044
857,998.3628887694044
858,998.3628887694044
859,998.3628887694044
860,998.3628887694044
861,998.3628887694044
862,998.3628887694044
863,998.3628887694044
864,998.3628887694044
865,998.3628887694044
866,998.3628887694044
867,998.3628887694044
868,998.3628887694044
869,998.3628887694044
870,998.3628887694044
871,998.3628887694044
872,998.3628887694044
873,998.3628887694044
874,998.3628887694044
875,998.3628887694044
876,998.3628887694044
877,998.3628887694044
878,998.3628887694044
879,998.3628887694044
880,998.3628887694044
881,998.3628887694044
882,998.3628887694044
883,998.3628887694044
884,998.3628887694044
885,998.3628887694044
886,998.3628887694044
887,998.3628887694044
888,998.3628887694044
889,998.3628887694044
890,998.3628887694044
891,998.3628887694044
892,998.3628887694044
893,998.3628887694044
894,998.3628887694044
895,998.3628887694044
896,998.3628887694044
897,998.3628887694044
898,998.3628887694044
899,998.3628887694044
900,998.3628887694044
901,998.3628887694044
902,998.3628887694044
903,998.3628887694044
904,998.3628887694044
905,998.3628887694044
906,998.3628887694044
907,998.3628887694044
908,998.3628887694044
909,998.3628887694044
910,998.3628887694044
911,998.3628887694044
912,998.3628887694044
913,998.3628887694044
914,998.3628887694044
915,998.3628887694044
916,998.3628887694044
917,998.3628887694044
918,998.3628887694044
919,998.3628887694044
920,998.3628887694044
921,998.3628887694044
922,998.3628887694044
923,998.3628887694044
924,998.3628887694044
925,998.3628887694044
926,998.3628887694044
927,998.3628887694044
928,998.3628887694044
929,998.3628887694044
930,998.3628887694044
931,998.3628887694044
932,998.3628887694044
933,998.3628887694044
934,998.3628887694044
935,998.3628887694044
936,998.3628887694044
937,998.3628887694044
938,998.3628887694044
939,998.3628887694044
940,998.3628887694044
941,998.3628887694044
942,998.3628887694044
943,998.3628887694044
944,998.3628887694044
945,998.3628887694044
946,998.3628887694044
947,998.3628887694044
948,998.3628887694044
949,998.3628887694044
950,998.3628887694044
951,998.3628887694044
952,998.3628887694044
953,998.3628887694044
954,998.3628887694044
955,998.3628887694044
956,998.3628887694044
957,998.3628887694044
958,998.3628887694044
959,998.3628887694044
960,998.3628887694044
961,998.3628887694044
962,998.3628887694044
963,998.3628887694044
964,998.3628887694044
965,998.3628887694044
966,998.3628887694044
967,998.3628887694044
968,998.3628887694044
969,998.3628887694044
970,998.3628887694044
971,998.3628887694044
972,998.3628887694044
973,998.3628887694044
974,998.3628887694044
975,998.3628887694044
976,998.3628887694044
977,998.3628887694044
978,998.3628887694044
979,998.3628887694044
980,998.3628887694044
981,998.3628887694044
982,998.3628887694044
983,998.3628887694044
984,998.3628887694044
985,998.3628887694044
986,998.3628887694044
987,998.3628887694044
988,998.3628887694044
989,998.3628887694044
990,998.3628887694044
991,998.3628887694044
992,998.3628887694044
993,998.3628887694044
994,998.3628887694044
995,998.3628887694044
996,998.3628887694044
997,998.3628887694044
998,998.3628887694044
999,998.3628887694044
1000,998.3628887694044
1001,998.3628887694044
1002,998.3628887694044
1003,998.3628887694044
1004,998.3628887694044
1005,998.3628887694044
1006,998.3628887694044
1007,998.3628887694044
1008,998.3628887694044
1009,998.3628887694044
1010,998.3628887694044
1011,998.3628887694044
1012,998.3628887694044
1013,998.3628887694044
1014,998.3628887694044
1015,998.3628887694044
1016,998.3628887694044
1017,998.3628887694044
1018,998.3628887694044
1019,998.3628887694044
1020,998.3628887694044
1021,998.3628887694044
1022,998.3628887694044
1023,998.3628887694044
1024,998.3628887694044
1025,998.3628887694044
1026,998.3628887694044
1027,998.3628887694044
1028,998.3628887694044
1029,998.3628887694044
1030,998.3628887694044
1031,998.3628887694044
1032,998.3628887694044
1033,998.3628887694044
1034,998.3628887694044
1035,998.3628887694044
1036,998.3628887694044
1037,998.3628887694044
1038,998.3628887694044
1039,998.3628887694044
1040,998.3628887694044
1041,998.3628887694044
1042,998.3628887694044
1043,998.3628887694044
1044,998.3628887694044
1045,998.3628887694044
1046,998.3628887694044
1047,998.3628887694044
1048,998.3628887694044
1049,998.3628887694044
1050,998.3628887694044
1051,998.3628887694044
1052,998.3628887694044
1053,998.3628887694044
1054,998.3628887694044
1055,998.3628887694044
1056,998.3628887694044
1057,998.3628887694044
1058,998.3628887694044
1059,998.3628887694044
1060,998.3628887694044
1061,998.3628887694044
1062,998.3628887694044
1063,998.3628887694044
1064,998.3628887694044
1065,998.3628887694044
1066,998.3628887694044
1067,998.3628887694044
1068,998.3628887694044
1069,998.3628887694044
1070,998.3628887694044
1071,998.3628887694044
1072,998.3628887694044
1073,998.3628887694044
1074,998.3628887694044
1075,998.3628887694044
1076,998.3628887694044
1077,998.3628887694044
1078,998.3628887694044
1079,998.3628887694044
1080,998.3628887694044
1081,998.3628887694044
1082,998.3628887694044
1083,998.3628887694044
1084,998.3628887694044
1085,998.3628887694044
1086,998.3628887694044
1087,998.3628887694044
1088,998.3628887694044
1089,998.3628887694044
1090,998.3628887694044
1091,998.3628887694044
1092,998.3628887694044
1093,998.3628887694044
1094,998.3628887694044
1095,998.3628887694044
1096,998.3628887694044
1097,998.3628887694044
1098,998.3628887694044
1099,998.3628887694044
1100,998.3628887694044
1101,998.3628887694044
1102,998.3628887694044
1103,998.3628887694044
1104,998.3628887694044
1105,998.3628887694044
1106,998.3628887694044
1107,998.3628887694044
1108,998.3628887694044
1109,998.3628887694044
1110,998.3628887694044
1111,998.3628887694044
1112,998.3628887694044
1113,998.3628887694044
1114,998.3628887694044
1115,998.3628887694044
1116,998.3628887694044
1117,998.3628887694044
1118,998.3628887694044
1119,998.3628887694044
1120,998.3628887694044
1121,998.3628887694044
1122,998.3628887694044
1123,998.3628887694044
1124,998.3628887694044
1125,998.3628887694044
1126,998.3628887694044
1127,998.3628887694044
1128,998.3628887694044
1129,998.3628887694044
1130,998.3628887694044
1131,998.3628887694044
1132,998.3628887694044
1133,998.3628887694044
1134,998.3628887694044
1135,998.3628887694044
1136,998.3628887694044
1137,998.3628887694044
1138,998.3628887694044
1139,998.3628887694044
1140,998.3628887694044
1141,998.3628887694044
1142,998.3628887694044
1143,998.3628887694044
1144,998.3628887694044
1145,998.3628887694044
1146,998.3628887694044
1147,998.3628887694044
1148,998.3628887694044
1149,998.3628887694044
1150,998.3628887694044
1151,998.3628887694044
1152,998.3628887694044
1153,998.3628887694044
1154,998.3628887694044
1155,998.3628887694044
1156,998.3628887694044
1157,998.3628887694044
1158,998.3628887694044
1159,998.3628887694044
1160,998.3628887694044
1161,998.3628887694044
1162,998.3628887694044
1163,998.3628887694044
1164,998.3628887694044
1165,998.3628887694044
1166,998.3628887694044
1167,998.3628887694044
1168,998.3628887694044
1169,998.3628887694044
1170,998.3628887694044
1171,998.3628887694044
1172,998.3628887694044
1173,998.3628887694044
1174,998.3628887694044
1175,998.3628887694044
1176,998.3628887694044
1177,998.3628887694044
1178,998.3628887694044
1179,998.3628887694044
1180,998.3628887694044
1181,998.3628887694044
1182,998.3628887694044
1183,998.3628887694044
1184,998.3628887694044
1185,998.3628887694044
1186,998.3628887694044
1187,998.3628887694044
1188,998.3628887694044
1189,998.3628887694044
1190,998.3628887694044
1191,998.3628887694044
1192,998.3628887694044
1193,998.3628887694044
1194,998.3628887694044
1195,998.3628887694044
1196,998.3628887694044
1197,998.3628887694044
1198,998.3628887694044
1199,998.3628887694044
1200,998.3628887694044
1201,998.3628887694044
1202,998.3628887694044
1203,998.3628887694044
1204,998.3628887694044
1205,998.3628887694044
1206,998.3628887694044
1207,998.3628887694044
1208,998.3628887694044
1209,998.3628887694044
1210,998.3628887694044
1211,998.3628887694044
1212,998.3628887694044
1213,998.3628887694044
1214,998.3628887694044
1215,998.3628887694044
1216,998.3628887694044
1217,998.3628887694044
1218,998.3628887694044
1219,998.3628887694044
1220,998.3628887694044
1221,998.3628887694044
1222,998.3628887694044
1223,998.3628887694044
1224,998.3628887694044
1225,998.3628887694044
1226,998.3628887694044
1227,998.3628887694044
1228,998.3628887694044
1229,998.3628887694044
1230,998.3628887694044
1231,998.3628887694044
1232,998.3628887694044
1233,998.3628887694044
1234,998.3628887694044
1235,998.3628887694044
1236,998.3628887694044
1237,998.3628887694044
1238,998.3628887694044
1239,998.3628887694044
1240,998.3628887694044
1241,998.3628887694044
1242,998.3628887694044
1243,998.3628887694044
1244,998.3628887694044
1245,998.3628887694044
1246,998.3628887694044
1247,998.3628887694044
1248,998.3628887694044
1249,998.3628887694044
1250,998.3628887694044
1251,998.3628887694044
1252,998.3628887694044
1253,998.3628887694044
1254,998.3628887694044
1255,998.3628887694044
1256,998.3628887694044
1257,998.3628887694044
1258,998.3628887694044
1259,998.3628887694044
1260,998.3628887694044
1261,998.3628887694044
1262,998.3628887694044
1263,998.3628887694044
1264,998.3628887694044
1265,998.3628887694044
1266,998.3628887694044
1267,998.3628887694044
1268,998.3628887694044
1269,998.3628887694044
1270,998.3628887694044
1271,998.3628887694044
1272,998.3628887694044
1273,998.3628887694044
1274,998.3628887694044
1275,998.3628887694044
1276,998.3628887694044
1277,998.3628887694044
1278,998.3628887694044
1279,998.3628887694044
1280,998.3628887694044
1281,998.3628887694044
1282,998.3628887694044
1283,998.3628887694044
1284,998.3628887694044
1285,998.3628887694044
1286,998.3628887694044
1287,998.3628887694044
1288,998.3628887694044
1289,998.3628887694044
1290,998.3628887694044
1291,998.3628887694044
1292,998.3628887694044
1293,998.3628887694044
1294,998.3628887694044
1295,998.3628887694044
1296,998.3628887694044
1297,998.3628887694044
1298,998.3628887694044
1299,998.3628887694044
1300,998.3628887694044
1301,998.3628887694044
1302,998.3628887694044
1303,998.3628887694044
1304,998.3628887694044
1305,998.3628887694044
1306,998.3628887694044
1307,998.3628887694044
1308,998.3628887694044
1309,998.3628887694044
1310,998.3628887694044
1311,998.3628887694044
1312,998.3628887694044
1313,998.3628887694044
1314,998.3628887694044
1315,998.3628887694044
1316,998.3628887694044
1317,998.3628887694044
1318,998.3628887694044
1319,998.3628887694044
1320,998.3628887694044
1321,998.3628887694044
1322,998.3628887694044
1323,998.3628887694044
1324,998.3628887694044
1325,998.3628887694044
1326,998.3628887694044
1327,998.3628887694044
1328,998.3628887694044
1329,998.3628887694044
1330,998.3628887694044
1331,998.3628887694044
1332,998.3628887694044
1333,998.3628887694044
1334,998.3628887694044
1335,998.3628887694044
1336,998.3628887694044
1337,998.3628887694044
1338,998.3628887694044
1339,998.3628887694044
1340,998.3628887694044
1341,998.3628887694044
1342,998.3628887694044
1343,998.3628887694044
1344,998.3628887694044
1345,998.3628887694044
1346,998.3628887694044
1347,998.3628887694044
1348,998.3628887694044
1349,998.3628887694044
1350,998.3628887694044
1351,998.3628887694044
1352,998.3628887694044
1353,998.3628887694044
1354,998.3628887694044
1355,998.3628887694044
1356,998.3628887694044
1357,998.3628887694044
1358,998.3628887694044
1359,998.3628887694044
1360,998.3628887694044
1361,998.3628887694044
1362,998.3628887694044
1363,998.3628887694044
1364,998.3628887694044
1365,998.3628887694044
1366,998.3628887694044
1367,998.3628887694044
1368,998.3628887694044
1369,998.3628887694044
1370,998.3628887694044
1371,998.3628887694044
1372,998.3628887694044
1373,998.3628887694044
1374,998.3628887694044
1375,998.3628887694044
1376,998.3628887694044
1377,998.3628887694044
1378,998.3628887694044
1379,998.3628887694044
1380,998.3628887694044
1381,998.3628887694044
1382,998.3628887694044
1383,998.3628887694044
1384,998.3628887694044
1385,998.3628887694044
1386,998.3628887694044
1387,998.3628887694044
1388,998.3628887694044
1389,998.3628887694044
1390,998.3628887694044
1391,998.3628887694044
1392,998.3628887694044
1393,998.3628887694044
1394,998.3628887694044
1395,998.3628887694044
1396,998.3628887694044
1397,998.3628887694044
1398,998.3628887694044
1399,998.3628887694044
1400,998.3628887694044
1401,998.3628887694044
1402,998.3628887694044
1403,998.3628887694044
1404,998.3628887694044
1405,998.3628887694044
1406,998.3628887694044
1407,998.3628887694044
1408,998.3628887694044
1409,998.3628887694044
1410,998.3628887694044
1411,998.3628887694044
1412,998.3628887694044
1413,998.3628887694044
1414,998.3628887694044
1415,998.3628887694044
1416,998.3628887694044
1417,998.3628887694044
1418,998.3628887694044
1419,998.3628887694044
1420,998.3628887694044
1421,998.3628887694044
1422,998.3628887694044
1423,998.3628887694044
1424,998.3628887694044
1425,998.3628887694044
1426,998.3628887694044
1427,998.3628887694044
1428,998.3628887694044
1429,998.3628887694044
1430,998.3628887694044
1431,998.3628887694044
1432,998.3628887694044
1433,998.3628887694044
1434,998.3628887694044
1435,998.3628887694044
1436,998.3628887694044
1437,998.3628887694044
1438,998.3628887694044
1439,998.3628887694044
1440,998.3628887694044
1441,998.3628887694044
1442,998.3628887694044
1443,998.3628887694044
1444,998.3628887694044
1445,998.3628887694044
1446,998.3628887694044
1447,998.3628887694044
1448,998.3628887694044
1449,998.3628887694044
1450,998.3628887694044
1451,998.3628887694044
1452,998.3628887694044
1453,998.3628887694044
1454,998.3628887694044
1455,998.3628887694044
1456,998.3628887694044
1457,998.3628887694044
1458,998.3628887694044
1459,998.3628887694044
1460,998.3628887694044
1461,998.3628887694044
1462,998.3628887694044
1463,998.3628887694044
1464,998.3628887694044
1465,998.3628887694044
1466,998.3628887694044
1467,998.3628887694044
1468,998.3628887694044
1469,998.3628887694044
1470,998.3628887694044
1471,998.3628887694044
1472,998.3628887694044
1473,998.3628887694044
1474,998.3628887694044
1475,998.3628887694044
1476,998.3628887694044
1477,998.3628887694044
1478,998.3628887694044
1479,998.3628887694044
1480,998.3628887694044
1481,998.3628887694044
1482,998.3628887694044
1483,998.3628887694044
1484,998.3628887694044
1485,998.3628887694044
1486,998.3628887694044
1487,998.3628887694044
1488,998.3628887694044
1489,998.3628887694044
1490,998.3628887694044
1491,998.3628887694044
1492,998.3628887694044
1493,998.3628887694044
1494,998.3628887694044
1495,998.3628887694044
1496,998.3628887694044
1497,998.3628887694044
1498,998.3628887694044
1499,998.3628887694044
1500,998.3628887694044
1501,998.3628887694044
1502,998.3628887694044
1503,998.3628887694044
1504,998.3628887694044
1505,998.3628887694044
1506,998.3628887694044
1507,998.3628887694044
1508,998.3628887694044
1509,998.3628887694044
1510,998.3628887694044
1511,998.3628887694044
1512,998.3628887694044
1513,998.3628887694044
1514,998.3628887694044
1515,998.3628887694044
1516,998.3628887694044
1517,998.3628887694044
1518,998.3628887694044
1519,998.3628887694044
1520,998.3628887694044
1521,998.3628887694044
1522,998.3628887694044
1523,998.3628887694044
1524,998.3628887694044
1525,998.3628887694044
1526,998.3628887694044
1527,998.3628887694044
1528,998.3628887694044
1529,998.3628887694044
1530,998.3628887694044
1531,998.3628887694044
1532,998.3628887694044
1533,998.3628887694044
1534,998.3628887694044
1535,998.3628887694044
1536,998.3628887694044
1537,998.3628887694044
1538,998.3628887694044
1539,998.3628887694044
1540,998.3628887694044
1541,998.3628887694044
1542,998.3628887694044
1543,998.3628887694044
1544,998.3628887694044
1545,998.3628887694044
1546,998.3628887694044
1547,998.3628887694044
1548,998.3628887694044
1549,998.3628887694044
1550,998.3628887694044
1551,998.3628887694044
1552,998.3628887694044
1553,998.3628887694044
1554,998.3628887694044
1555,998.3628887694044
1556,998.3628887694044
1557,998.3628887694044
1558,998.3628887694044
1559,998.3628887694044
1560,998.3628887694044
1561,998.3628887694044
1562,998.3628887694044
1563,998.3628887694044
1564,998.3628887694044
1565,998.3628887694044
1566,998.3628887694044
1567,998.3628887694044
1568,998.3628887694044
1569,998.3628887694044
1570,998.3628887694044
1571,998.3628887694044
1572,998.3628887694044
1573,998.3628887694044
1574,998.3628887694044
1575,998.3628887694044
1576,998.3628887694044
1577,998.3628887694044
1578,998.3628887694044
1579,998.3628887694044
1580,998.3628887694044
1581,998.3628887694044
1582,998.3628887694044
1583,998.3628887694044
1584,998.3628887694044
1585,998.3628887694044
1586,998.3628887694044
1587,998.3628887694044
1588,998.3628887694044
1589,998.3628887694044
1590,998.3628887694044
1591,998.3628887694044
1592,998.3628887694044
1593,998.3628887694044
1594,998.3628887694044
1595,998.3628887694044
1596,998.3628887694044
1597,998.3628887694044
1598,998.3628887694044
1599,998.3628887694044
1600,998.3628887694044
1601,998.3628887694044
1602,998.3628887694044
1603,998.3628887694044
1604,998.3628887694044
1605,998.3628887694044
1606,998.3628887694044
1607,998.3628887694044
1608,998.3628887694044
1609,998.3628887694044
1610,998.3628887694044
1611,998.3628887694044
1612,998.3628887694044
1613,998.3628887694044
1614,998.3628887694044
1615,998.3628887694044
1616,998.3628887694044
1617,998.3628887694044
1618,998.3628887694044
1619,998.3628887694044
1620,998.3628887694044
1621,998.3628887694044
1622,998.3628887694044
1623,998.3628887694044
1624,998.3628887694044
1625,998.3628887694044
1626,998.3628887694044
1627,998.3628887694044
1628,998.3628887694044
1629,998.3628887694044
1630,998.3628887694044
1631,998.3628887694044
1632,998.3628887694044
1633,998.3628887694044
1634,998.3628887694044
1635,998.3628887694044
1636,998.3628887694044
1637,998.3628887694044
1638,998.3628887694044
1639,998.3628887694044
1640,998.3628887694044
1641,998.3628887694044
1642,998.3628887694044
1643,998.3628887694044
1644,998.3628887694044
1645,998.3628887694044
1646,998.3628887694044
1647,998.3628887694044
1648,998.3628887694044
1649,998.3628887694044
1650,998.3628887694044
1651,998.3628887694044
1652,998.3628887694044
1653,998.3628887694044
1654,998.3628887694044
1655,998.3628887694044
1656,998.3628887694044
1657,998.3628887694044
1658,998.3628887694044
1659,998.3628887694044
1660,998.3628887694044
1661,998.3628887694044
1662,998.3628887694044
1663,998.3628887694044
1664,998.3628887694044
1665,998.3628887694044
1666,998.3628887694044
1667,998.3628887694044
1668,998.3628887694044
1669,998.3628887694044
1670,998.3628887694044
1671,998.3628887694044
1672,998.3628887694044
1673,998.3628887694044
1674,998.3628887694044
1675,998.3628887694044
1676,998.3628887694044
1677,998.3628887694044
1678,998.3628887694044
1679,998.3628887694044
1680,998.3628887694044
1681,998.3628887694044
1682,998.3628887694044
1683,998.3628887694044
1684,998.3628887694044
1685,998.3628887694044
1686,998.3628887694044
1687,998.3628887694044
1688,998.3628887694044
1689,998.3628887694044
1690,998.3628887694044
1691,998.3628887694044
1692,998.3628887694044
1693,998.3628887694044
1694,998.3628887694044
1695,998.3628887694044
1696,998.3628887694044
1697,998.3628887694044
1698,998.3628887694044
1699,998.3628887694044
1700,998.3628887694044
1701,998.3628887694044
1702,998.3628887694044
1703,998.3628887694044
1704,998.3628887694044
1705,998.3628887694044
1706,998.3628887694044
1707,998.3628887694044
1708,998.3628887694044
1709,998.3628887694044
1710,998.3628887694044
1711,998.3628887694044
1712,998.3628887694044
1713,998.3628887694044
1714,998.3628887694044
1715,998.3628887694044
1716,998.3628887694044
1717,998.3628887694044
1718,998.3628887694044
1719,998.3628887694044
1720,998.3628887694044
1721,998.3628887694044
1722,998.3628887694044
1723,998.3628887694044
1724,998.3628887694044
1725,998.3628887694044
1726,998.3628887694044
1727,998.3628887694044
1728,998.3628887694044
1729,998.3628887694044
1730,998.3628887694044
1731,998.3628887694044
1732,998.3628887694044
1733,998.3628887694044
1734,998.3628887694044
1735,998.3628887694044
1736,998.3628887694044
1737,998.3628887694044
1738,998.3628887694044
1739,998.3628887694044
1740,998.3628887694044
1741,998.3628887694044
1742,998.3628887694044
1743,998.3628887694044
1744,998.3628887694044
1745,998.3628887694044
1746,998.3628887694044
1747,998.3628887694044
1748,998.3628887694044
1749,998.3628887694044
1750,998.3628887694044
1751,998.3628887694044
1752,998.3628887694044
1753,998.3628887694044
1754,998.3628887694044
1755,998.3628887694044
1756,998.3628887694044
1757,998.3628887694044
1758,998.3628887694044
1759,998.3628887694044
1760,998.3628887694044
1761,998.3628887694044
1762,998.3628887694044
1763,998.3628887694044
1764,998.3628887694044
1765,998.3628887694044
1766,998.3628887694044
1767,998.3628887694044
1768,998.3628887694044
1769,998.3628887694044
1770,998.3628887694044
1771,998.3628887694044
1772,998.3628887694044
1773,998.3628887694044
1774,998.3628887694044
1775,998.3628887694044
1776,998.3628887694044
1777,998.3628887694044
1778,998.3628887694044
1779,998.3628887694044
1780,998.3628887694044
1781,998.3628887694044
1782,998.3628887694044
1783,998.3628887694044
1784,998.3628887694044
1785,998.3628887694044
1786,998.3628887694044
1787,998.3628887694044
1788,998.3628887694044
1789,998.3628887694044
1790,998.3628887694044
1791,998.3628887694044
1792,998.3628887694044
1793,998.3628887694044
1794,998.3628887694044
1795,998.3628887694044
1796,998.3628887694044
1797,998.3628887694044
1798,998.3628887694044
1799,998.3628887694044
1800,998.3628887694044
1801,998.3628887694044
1802,998.3628887694044
1803,998.3628887694044
1804,998.3628887694044
1805,998.3628887694044
1806,998.3628887694044
1807,998.3628887694044
1808,998.3628887694044
1809,998.3628887694044
1810,998.3628887694044
1811,998.3628887694044
1812,998.3628887694044
1813,998.3628887694044
1814,998.3628887694044
1815,998.3628887694044
1816,998.3628887694044
1817,998.3628887694044
1818,998.3628887694044
1819,998.3628887694044
1820,998.3628887694044
1821,998.3628887694044
1822,998.3628887694044
1823,998.3628887694044
1824,998.3628887694044
1825,998.3628887694044
1826,998.3628887694044
1827,998.3628887694044
1828,998.3628887694044
1829,998.3628887694044
1830,998.3628887694044
1831,998.3628887694044
1832,998.3628887694044
1833,998.3628887694044
1834,998.3628887694044
1835,998.3628887694044
1836,998.3628887694044
1837,998.3628887694044
1838,998.3628887694044
1839,998.3628887694044
1840,998.3628887694044
1841,998.3628887694044
1842,998.3628887694044
1843,998.3628887694044
1844,998.3628887694044
1845,998.3628887694044
1846,998.3628887694044
1847,998.3628887694044
1848,998.3628887694044
1849,998.3628887694044
1850,998.3628887694044
1851,998.3628887694044
1852,998.3628887694044
1853,998.3628887694044
1854,998.3628887694044
1855,998.3628887694044
1856,998.3628887694044
1857,998.3628887694044
1858,998.3628887694044
1859,998.3628887694044
1860,998.3628887694044
1861,998.3628887694044
1862,998.3628887694044
1863,998.3628887694044
1864,998.3628887694044
1865,998.3628887694044
1866,998.3628887694044
1867,998.3628887694044
1868,998.3628887694044
1869,998.3628887694044
1870,998.3628887694044
1871,998.3628887694044
1872,998.3628887694044
1873,998.3628887694044
1874,998.3628887694044
1875,998.3628887694044
1876,998.3628887694044
1877,998.3628887694044
1878,998.3628887694044
1879,998.3628887694044
1880,998.3628887694044
1881,998.3628887694044
1882,998.3628887694044
1883,998.3628887694044
1884,998.3628887694044
1885,998.3628887694044
1886,998.3628887694044
1887,998.3628887694044
1888,998.3628887694044
1889,998.3628887694044
1890,998.3628887694044
1891,998.3628887694044
1892,998.3628887694044
1893,998.3628887694044
1894,998.3628887694044
1895,998.3628887694044
1896,998.3628887694044
1897,998.3628887694044
1898,998.3628887694044
1899,998.3628887694044
1900,998.3628887694044
1901,998.3628887694044
1902,998.3628887694044
1903,998.3628887694044
1904,998.3628887694044
1905,998.3628887694044
1906,998.3628887694044
1907,998.3628887694044
1908,998.3628887694044
1909,998.3628887694044
1910,998.3628887694044
1911,998.3628887694044
1912,998.3628887694044
1913,998.3628887694044
1914,998.3628887694044
1915,998.3628887694044
1916,998.3628887694044
1917,998.3628887694044
1918,998.3628887694044
1919,998.3628887694044
1920,998.3628887694044
1921,998.3628887694044
1922,998.3628887694044
1923,998.3628887694044
1924,998.3628887694044
1925,998.3628887694044
1926,998.3628887694044
1927,998.3628887694044
1928,998.3628887694044
1929,998.3628887694044
1930,998.3628887694044
1931,998.3628887694044
1932,998.3628887694044
1933,998.3628887694044
1934,998.3628887694044
1935,998.3628887694044
1936,998.3628887694044
1937,998.3628887694044
1938,998.3628887694044
1939,998.3628887694044
1940,998.3628887694044
1941,998.3628887694044
1942,998.3628887694044
1943,998.3628887694044
1944,998.3628887694044
1945,998.3628887694044
1946,998.3628887694044
1947,998.3628887694044
1948,998.3628887694044
1949,998.3628887694044
1950,998.3628887694044
1951,998.3628887694044
1952,998.3628887694044
1953,998.3628887694044
1954,998.3628887694044
1955,998.3628887694044
1956,998.3628887694044
1957,998.3628887694044
1958,998.3628887694044
1959,998.3628887694044
1960,998.3628887694044
1961,998.3628887694044
1962,998.3628887694044
1963,998.3628887694044
1964,998.3628887694044
1965,998.3628887694044
1966,998.3628887694044
1967,998.3628887694044
1968,998.3628887694044
1969,998.3628887694044
1970,998.3628887694044
1971,998.3628887694044
1972,998.3628887694044
1973,998.3628887694044
1974,998.3628887694044
1975,998.3628887694044
1976,998.3628887694044
1977,998.3628887694044
1978,998.3628887694044
1979,998.3628887694044
1980,998.3628887694044
1981,998.3628887694044
1982,998.3628887694044
1983,998.3628887694044
1984,998.3628887694044
1985,998.3628887694044
1986,998.3628887694044
1987,998.3628887694044
1988,998.3628887694044
1989,998.3628887694044
1990,998.3628887694044
1991,998.3628887694044
1992,998.3628887694044
1993,998.3628887694044
1994,998.3628887694044
1995,998.3628887694044
1996,998.3628887694044
1997,998.3628887694044
1998,998.3628887694044
1999,998.3628887694044
2000,998.3628887694044
2001,998.3628887694044
2002,998.3628887694044
2003,998.3628887694044
2004,998.3628887694044
2005,998.3628887694044
2006,998.3628887694044
2007,998.3628887694044
2008,998.3628887694044
2009,998.3628887694044
2010,998.3628887694044
2011,998.3628887694044
2012,998.3628887694044
2013,998.3628887694044
2014,998.3628887694044
2015,998.3628887694044
2016,998.3628887694044
2017,998.3628887694044
2018,998.3628887694044
2019,998.3628887694044
2020,998.3628887694044
2021,998.3628887694044
2022,998.3628887694044
2023,998.3628887694044
2024,998.3628887694044
2025,998.3628887694044
2026,998.3628887694044
2027,998.3628887694044
2028,998.3628887694044
2029,998.3628887694044
2030,998.3628887694044
2031,998.3628887694044
2032,998.3628887694044
2033,998.3628887694044
2034,998.3628887694044
2035,998.3628887694044
2036,998.3628887694044
2037,998.3628887694044
2038,998.3628887694044
2039,998.3628887694044
2040,998.3628887694044
2041,998.3628887694044
2042,998.3628887694044
2043,998.3628887694044
2044,998.3628887694044
2045,998.3628887694044
2046,998.3628887694044
2047,998.3628887694044
2048,998.3628887694044
2049,998.3628887694044
2050,998.3628887694044
2051,998.3628887694044
2052,998.3628887694044
2053,998.3628887694044
2054,998.3628887694044
2055,998.3628887694044
2056,998.3628887694044
2057,998.3628887694044
2058,998.3628887694044
2059,998.3628887694044
2060,998.3628887694044
2061,998.3628887694044
2062,998.3628887694044
2063,998.3628887694044
2064,998.3628887694044
2065,998.3628887694044
2066,998.3628887694044
2067,998.3628887694044
2068,998.3628887694044
2069,998.3628887694044
2070,998.3628887694044
2071,998.3628887694044
2072,998.3628887694044
2073,998.3628887694044
2074,998.3628887694044
2075,998.3628887694044
2076,998.3628887694044
2077,998.3628887694044
2078,998.3628887694044
2079,998.3628887694044
2080,998.3628887694044
2081,998.3628887694044
2082,998.3628887694044
2083,998.3628887694044
2084,998.3628887694044
2085,998.3628887694044
2086,998.3628887694044
2087,998.3628887694044
2088,998.3628887694044
2089,998.3628887694044
2090,998.3628887694044
2091,998.3628887694044
2092,998.3628887694044
2093,998.3628887694044
2094,998.3628887694044
2095,998.3628887694044
2096,998.3628887694044
2097,998.3628887694044
2098,998.3628887694044
2099,998.3628887694044
2100,998.3628887694044
2101,998.3628887694044
2102,998.3628887694044
2103,998.3628887694044
2104,998.3628887694044
2105,998.3628887694044
2106,998.3628887694044
2107,998.3628887694044
2108,998.3628887694044
2109,998.3628887694044
2110,998.3628887694044
2111,998.3628887694044
2112,998.3628887694044
2113,998.3628887694044
2114,998.3628887694044
2115,998.3628887694044
2116,998.3628887694044
2117,998.3628887694044
2118,998.3628887694044
2119,998.3628887694044
2120,998.3628887694044
2121,998.3628887694044
2122,998.3628887694044
2123,998.3628887694044
2124,998.3628887694044
2125,998.3628887694044
2126,998.3628887694044
2127,998.3628887694044
2128,998.3628887694044
2129,998.3628887694044
2130,998.3628887694044
2131,998.3628887694044
2132,998.3628887694044
2133,998.3628887694044
2134,998.3628887694044
2135,998.3628887694044
2136,998.3628887694044
2137,998.3628887694044
2138,998.3628887694044
2139,998.3628887694044
2140,998.3628887694044
2141,998.3628887694044
2142,998.3628887694044
2143,998.3628887694044
2144,998.3628887694044
2145,998.3628887694044
2146,998.3628887694044
2147,998.3628887694044
2148,998.3628887694044
2149,998.3628887694044
2150,998.3628887694044
2151,998.3628887694044
2152,998.3628887694044
2153,998.3628887694044
2154,998.3628887694044
2155,998.3628887694044
2156,998.3628887694044
2157,998.3628887694044
2158,998.3628887694044
2159,998.3628887694044
2160,998.3628887694044
2161,998.3628887694044
2162,998.3628887694044
2163,998.3628887694044
2164,998.3628887694044
2165,998.3628887694044
2166,998.3628887694044
2167,998.3628887694044
2168,998.3628887694044
2169,998.3628887694044
2170,998.3628887694044
2171,998.3628887694044
2172,998.3628887694044
2173,998.3628887694044
2174,998.3628887694044
2175,998.3628887694044
2176,998.3628887694044
2177,998.3628887694044
2178,998.3628887694044
2179,998.3628887694044
2180,998.3628887694044
2181,998.3628887694044
2182,998.3628887694044
2183,998.3628887694044
2184,998.3628887694044
2185,998.3628887694044
2186,998.3628887694044
2187,998.3628887694044
2188,998.3628887694044
2189,998.3628887694044
2190,998.3628887694044
2191,998.3628887694044
2192,998.3628887694044
2193,998.3628887694044
2194,998.3628887694044
2195,998.3628887694044
2196,998.3628887694044
2197,998.3628887694044
2198,998.3628887694044
2199,998.3628887694044
2200,998.3628887694044
2201,998.3628887694044
2202,998.3628887694044
2203,998.3628887694044
2204,998.3628887694044
2205,998.3628887694044
2206,998.3628887694044
2207,998.3628887694044
2208,998.3628887694044
2209,998.3628887694044
2210,998.3628887694044
2211,998.3628887694044
2212,998.3628887694044
2213,998.3628887694044
2214,998.3628887694044
2215,998.3628887694044
2216,998.3628887694044
2217,998.3628887694044
2218,998.3628887694044
2219,998.3628887694044
2220,998.3628887694044
2221,998.3628887694044
2222,998.3628887694044
2223,998.3628887694044
2224,998.3628887694044
2225,998.3628887694044
2226,998.3628887694044
2227,998.3628887694044
2228,998.3628887694044
2229,998.3628887694044
2230,998.3628887694044
2231,998.3628887694044
2232,998.3628887694044
2233,998.3628887694044
2234,998.3628887694044
2235,998.3628887694044
2236,998.3628887694044
2237,998.3628887694044
2238,998.3628887694044
2239,998.3628887694044
2240,998.3628887694044
2241,998.3628887694044
2242,998.3628887694044
2243,998.3628887694044
2244,998.3628887694044
2245,998.3628887694044
2246,998.3628887694044
2247,998.3628887694044
2248,998.3628887694044
2249,998.3628887694044
2250,998.3628887694044
2251,998.3628887694044
2252,998.3628887694044
2253,998.3628887694044
2254,998.3628887694044
2255,998.3628887694044
2256,998.3628887694044
2257,998.3628887694044
2258,998.3628887694044
2259,998.3628887694044
2260,998.3628887694044
2261,998.3628887694044
2262,998.3628887694044
2263,998.3628887694044
2264,998.3628887694044
2265,998.3628887694044
2266,998.3628887694044
2267,998.3628887694044
2268,998.3628887694044
2269,998.3628887694044
2270,998.3628887694044
2271,998.3628887694044
2272,998.3628887694044
2273,998.3628887694044
2274,998.3628887694044
2275,998.3628887694044
2276,998.3628887694044
2277,998.3628887694044
2278,998.3628887694044
2279,998.3628887694044
2280,998.3628887694044
2281,998.3628887694044
2282,998.3628887694044
2283,998.3628887694044
2284,998.3628887694044
2285,998.3628887694044
2286,998.3628887694044
2287,998.3628887694044
2288,998.3628887694044
2289,998.3628887694044
2290,998.3628887694044
2291,998.3628887694044
2292,998.3628887694044
2293,998.3628887694044
2294,998.3628887694044
2295,998.3628887694044
2296,998.3628887694044
2297,998.3628887694044
2298,998.3628887694044
2299,998.3628887694044
2300,998.3628887694044
2301,998.3628887694044
2302,998.3628887694044
2303,998.3628887694044
2304,998.3628887694044
2305,998.3628887694044
2306,998.3628887694044
2307,998.3628887694044
2308,998.3628887694044
2309,998.3628887694044
2310,998.3628887694044
2311,998.3628887694044
2312,998.3628887694044
2313,998.3628887694044
2314,998.3628887694044
2315,998.3628887694044
2316,998.3628887694044
2317,998.3628887694044
2318,998.3628887694044
2319,998.3628887694044
2320,998.3628887694044
2321,998.3628887694044
2322,998.3628887694044
2323,998.3628887694044
2324,998.3628887694044
2325,998.3628887694044
2326,998.3628887694044
2327,998.3628887694044
2328,998.3628887694044
2329,998.3628887694044
2330,998.3628887694044
2331,998.3628887694044
2332,998.3628887694044
2333,998.3628887694044
2334,998.3628887694044
2335,998.3628887694044
2336,998.3628887694044
2337,998.3628887694044
2338,998.3628887694044
2339,998.3628887694044
2340,998.3628887694044
2341,998.3628887694044
2342,998.3628887694044
2343,998.3628887694044
2344,998.3628887694044
2345,998.3628887694044
2346,998.3628887694044
2347,998.3628887694044
2348,998.3628887694044
2349,998.3628887694044
2350,998.3628887694044
2351,998.3628887694044
2352,998.3628887694044
2353,998.3628887694044
2354,998.3628887694044
2355,998.3628887694044
2356,998.3628887694044
2357,998.3628887694044
2358,998.3628887694044
2359,998.3628887694044
2360,998.3628887694044
2361,998.3628887694044
2362,998.3628887694044
2363,998.3628887694044
2364,998.3628887694044
2365,998.3628887694044
2366,998.3628887694044
2367,998.3628887694044
2368,998.3628887694044
2369,998.3628887694044
2370,998.3628887694044
2371,998.3628887694044
2372,998.3628887694044
2373,998.3628887694044
2374,998.3628887694044
2375,998.3628887694044
2376,998.3628887694044
2377,998.3628887694044
2378,998.3628887694044
2379,998.3628887694044
2380,998.3628887694044
2381,998.3628887694044
2382,998.3628887694044
2383,998.3628887694044
2384,998.3628887694044
2385,998.3628887694044
2386,998.3628887694044
2387,998.3628887694044
2388,998.3628887694044
2389,998.3628887694044
2390,998.3628887694044
2391,998.3628887694044
2392,998.3628887694044
2393,998.3628887694044
2394,998.3628887694044
2395,998.3628887694044
2396,998.3628887694044
2397,998.3628887694044
2398,998.3628887694044
2399,998.3628887694044
2400,998.3628887694044
2401,998.3628887694044
2402,998.3628887694044
2403,998.3628887694044
2404,998.3628887694044
2405,998.3628887694044
2406,998.3628887694044
2407,998.3628887694044
2408,998.3628887694044
2409,998.3628887694044
2410,998.3628887694044
2411,998.3628887694044
2412,998.3628887694044
2413,998.3628887694044
2414,998.3628887694044
2415,998.3628887694044
2416,998.3628887694044
2417,998.3628887694044
2418,998.3628887694044
2419,998.3628887694044
2420,998.3628887694044
2421,998.3628887694044
2422,998.3628887694044
2423,998.3628887694044
2424,998.3628887694044
2425,998.3628887694044
2426,998.3628887694044
2427,998.3628887694044
2428,998.3628887694044
2429,998.3628887694044
2430,998.3628887694044
2431,998.3628887694044
2432,998.3628887694044
2433,998.3628887694044
2434,998.3628887694044
2435,998.3628887694044
2436,998.3628887694044
2437,998.3628887694044
2438,998.3628887694044
2439,998.3628887694044
2440,998.3628887694044
2441,998.3628887694044
2442,998.3628887694044
2443,998.3628887694044
2444,998.3628887694044
2445,998.3628887694044
2446,998.3628887694044
2447,998.3628887694044
2448,998.3628887694044
2449,998.3628887694044
2450,998.3628887694044
2451,998.3628887694044
2452,998.3628887694044
2453,998.3628887694044
2454,998.3628887694044
2455,998.3628887694044
2456,998.3628887694044
2457,998.3628887694044
2458,998.3628887694044
2459,998.3628887694044
2460,998.3628887694044
2461,998.3628887694044
2462,998.3628887694044
2463,998.3628887694044
2464,998.3628887694044
2465,998.3628887694044
2466,998.3628887694044
2467,998.3628887694044
2468,998.3628887694044
2469,998.3628887694044
2470,998.3628887694044
2471,998.3628887694044
2472,998.3628887694044
2473,998.3628887694044
2474,998.3628887694044
2475,998.3628887694044
2476,998.3628887694044
2477,998.3628887694044
2478,998.3628887694044
2479,998.3628887694044
2480,998.3628887694044
2481,998.3628887694044
2482,998.3628887694044
2483,998.3628887694044
2484,998.3628887694044
2485,998.3628887694044
2486,998.3628887694044
2487,998.3628887694044
2488,998.3628887694044
2489,998.3628887694044
2490,998.3628887694044
2491,998.3628887694044
2492,998.3628887694044
2493,998.3628887694044
2494,998.3628887694044
2495,998.3628887694044
2496,998.3628887694044
2497,998.3628887694044
2498,998.3628887694044
2499,998.3628887694044
2500,998.3628887694044
2501,998.3628887694044
2502,998.3628887694044
2503,998.3628887694044
2504,998.3628887694044
2505,998.3628887694044
2506,998.3628887694044
2507,998.3628887694044
2508,998.3628887694044
2509,998.3628887694044
2510,998.3628887694044
2511,998.3628887694044
2512,998.3628887694044
2513,998.3628887694044
2514,998.3628887694044
2515,998.3628887694044
2516,998.3628887694044
2517,998.3628887694044
2518,998.3628887694044
2519,998.3628887694044
2520,998.3628887694044
2521,998.3628887694044
2522,998.3628887694044
2523,998.3628887694044
2524,998.3628887694044
2525,998.3628887694044
2526,998.3628887694044
2527,998.3628887694044
2528,998.3628887694044
2529,998.3628887694044
2530,998.3628887694044
2531,998.3628887694044
2532,998.3628887694044
2533,998.3628887694044
2534,998.3628887694044
2535,998.3628887694044
2536,998.3628887694044
2537,998.3628887694044
2538,998.3628887694044
2539,998.3628887694044
2540,998.3628887694044
2541,998.3628887694044
2542,998.3628887694044
2543,998.3628887694044
2544,998.3628887694044
2545,998.3628887694044
2546,998.3628887694044
2547,998.3628887694044
2548,998.3628887694044
2549,998.3628887694044
2550,998.3628887694044
2551,998.3628887694044
2552,998.3628887694044
2553,998.3628887694044
2554,998.3628887694044
2555,998.3628887694044
2556,998.3628887694044
2557,998.3628887694044
2558,998.3628887694044
2559,998.3628887694044
2560,998.3628887694044
2561,998.3628887694044
2562,998.3628887694044
2563,998.3628887694044
2564,998.3628887694044
2565,998.3628887694044
2566,998.3628887694044
2567,998.3628887694044
2568,998.3628887694044
2569,998.3628887694044
2570,998.3628887694044
2571,998.3628887694044
2572,998.3628887694044
2573,998.3628887694044
2574,998.3628887694044
2575,998.3628887694044
2576,998.3628887694044
2577,998.3628887694044
2578,998.3628887694044
2579,998.3628887694044
2580,998.3628887694044
2581,998.3628887694044
2582,998.3628887694044
2583,998.3628887694044
2584,998.3628887694044
2585,998.3628887694044
2586,998.3628887694044
2587,998.3628887694044
2588,998.3628887694044
2589,998.3628887694044
2590,998.3628887694044
2591,998.3628887694044
2592,998.3628887694044
2593,998.3628887694044
2594,998.3628887694044
2595,998.3628887694044
2596,998.3628887694044
2597,998.3628887694044
2598,998.3628887694044
2599,998.3628887694044
2600,998.3628887694044
2601,998.3628887694044
2602,998.3628887694044
2603,998.3628887694044
2604,998.3628887694044
2605,998.3628887694044
2606,998.3628887694044
2607,998.3628887694044
2608,998.3628887694044
2609,998.3628887694044
2610,998.3628887694044
2611,998.3628887694044
2612,998.3628887694044
2613,998.3628887694044
2614,998.3628887694044
2615,998.3628887694044
2616,998.3628887694044
2617,998.3628887694044
2618,998.3628887694044
2619,998.3628887694044
2620,998.3628887694044
2621,998.3628887694044
2622,998.3628887694044
2623,998.3628887694044
2624,998.3628887694044
2625,998.3628887694044
2626,998.3628887694044
2627,998.3628887694044
2628,998.3628887694044
2629,998.3628887694044
2630,998.3628887694044
2631,998.3628887694044
2632,998.3628887694044
2633,998.3628887694044
2634,998.3628887694044
2635,998.3628887694044
2636,998.3628887694044
2637,998.3628887694044
2638,998.3628887694044
2639,998.3628887694044
2640,998.3628887694044
2641,998.3628887694044
2642,998.3628887694044
2643,998.3628887694044
2644,998.3628887694044
2645,998.3628887694044
2646,998.3628887694044
2647,998.3628887694044
2648,998.3628887694044
2649,998.3628887694044
2650,998.3628887694044
2651,998.3628887694044
2652,998.3628887694044
2653,998.3628887694044
2654,998.3628887694044
2655,998.3628887694044
2656,998.3628887694044
2657,998.3628887694044
2658,998.3628887694044
2659,998.3628887694044
2660,998.3628887694044
2661,998.3628887694044
2662,998.3628887694044
2663,998.3628887694044
2664,998.3628887694044
2665,998.3628887694044
2666,998.3628887694044
2667,998.3628887694044
2668,998.3628887694044
2669,998.3628887694044
2670,998.3628887694044
2671,998.3628887694044
2672,998.3628887694044
2673,998.3628887694044
2674,998.3628887694044
2675,998.3628887694044
2676,998.3628887694044
2677,998.3628887694044
2678,998.3628887694044
2679,998.3628887694044
2680,998.3628887694044
2681,998.3628887694044
2682,998.3628887694044
2683,998.3628887694044
2684,998.3628887694044
2685,998.3628887694044
2686,998.3628887694044
2687,998.3628887694044
2688,998.3628887694044
2689,998.3628887694044
2690,998.3628887694044
2691,998.3628887694044
2692,998.3628887694044
2693,998.3628887694044
2694,998.3628887694044
2695,998.3628887694044
2696,998.3628887694044
2697,998.3628887694044
2698,998.3628887694044
2699,998.3628887694044
2700,998.3628887694044
2701,998.3628887694044
2702,998.3628887694044
2703,998.3628887694044
2704,998.3628887694044
2705,998.3628887694044
2706,998.3628887694044
2707,998.3628887694044
2708,998.3628887694044
2709,998.3628887694044
2710,998.3628887694044
2711,998.3628887694044
2712,998.3628887694044
2713,998.3628887694044
2714,998.3628887694044
2715,998.3628887694044
2716,998.3628887694044
2717,998.3628887694044
2718,998.3628887694044
2719,998.3628887694044
2720,998.3628887694044
2721,998.3628887694044
2722,998.3628887694044
2723,998.3628887694044
2724,998.3628887694044
2725,998.3628887694044
2726,998.3628887694044
2727,998.3628887694044
2728,998.3628887694044
2729,998.3628887694044
2730,998.3628887694044
2731,998.3628887694044
2732,998.3628887694044
2733,998.3628887694044
2734,998.3628887694044
2735,998.3628887694044
2736,998.3628887694044
2737,998.3628887694044
2738,998.3628887694044
2739,998.3628887694044
2740,998.3628887694044
2741,998.3628887694044
2742,998.3628887694044
2743,998.3628887694044
2744,998.3628887694044
2745,998.3628887694044
2746,998.3628887694044
2747,998.3628887694044
2748,998.3628887694044
2749,998.3628887694044
2750,998.3628887694044
2751,998.3628887694044
2752,998.3628887694044
2753,998.3628887694044
2754,998.3628887694044
2755,998.3628887694044
2756,998.3628887694044
2757,998.3628887694044
2758,998.3628887694044
2759,998.3628887694044
2760,998.3628887694044
2761,998.3628887694044
2762,998.3628887694044
2763,998.3628887694044
2764,998.3628887694044
2765,998.3628887694044
2766,998.3628887694044
2767,998.3628887694044
2768,998.3628887694044
2769,998.3628887694044
2770,998.3628887694044
2771,998.3628887694044
2772,998.3628887694044
2773,998.3628887694044
2774,998.3628887694044
2775,998.3628887694044
2776,998.3628887694044
2777,998.3628887694044
2778,998.3628887694044
2779,998.3628887694044
2780,998.3628887694044
2781,998.3628887694044
2782,998.3628887694044
2783,998.3628887694044
2784,998.3628887694044
2785,998.3628887694044
2786,998.3628887694044
2787,998.3628887694044
2788,998.3628887694044
2789,998.3628887694044
2790,998.3628887694044
2791,998.3628887694044
2792,998.3628887694044
2793,998.3628887694044
2794,998.3628887694044
2795,998.3628887694044
2796,998.3628887694044
2797,998.3628887694044
2798,998.3628887694044
2799,998.3628887694044
2800,998.3628887694044
2801,998.3628887694044
2802,998.3628887694044
2803,998.3628887694044
2804,998.3628887694044
2805,998.3628887694044
2806,998.3628887694044
2807,998.3628887694044
2808,998.3628887694044
2809,998.3628887694044
2810,998.3628887694044
2811,998.3628887694044
2812,998.3628887694044
2813,998.3628887694044
2814,998.3628887694044
2815,998.3628887694044
2816,998.3628887694044
2817,998.3628887694044
2818,998.3628887694044
2819,998.3628887694044
2820,998.3628887694044
2821,998.3628887694044
2822,998.3628887694044
2823,998.3628887694044
2824,998.3628887694044
2825,998.3628887694044
2826,998.3628887694044
2827,998.3628887694044
2828,998.3628887694044
2829,998.3628887694044
2830,998.3628887694044
2831,998.3628887694044
2832,998.3628887694044
2833,998.3628887694044
2834,998.3628887694044
2835,998.3628887694044
2836,998.3628887694044
2837,998.3628887694044
2838,998.3628887694044
2839,998.3628887694044
2840,998.3628887694044
2841,998.3628887694044
2842,998.3628887694044
2843,998.3628887694044
2844,998.3628887694044
2845,998.3628887694044
2846,998.3628887694044
2847,998.3628887694044
2848,998.3628887694044
2849,998.3628887694044
2850,998.3628887694044
2851,998.3628887694044
2852,998.3628887694044
2853,998.3628887694044
2854,998.3628887694044
2855,998.3628887694044
2856,998.3628887694044
2857,998.3628887694044
2858,998.3628887694044
2859,998.3628887694044
2860,998.3628887694044
2861,998.3628887694044
2862,998.3628887694044
2863,998.3628887694044
2864,998.3628887694044
2865,998.3628887694044
2866,998.3628887694044
2867,998.3628887694044
2868,998.3628887694044
2869,998.3628887694044
2870,998.3628887694044
2871,998.3628887694044
2872,998.3628887694044
2873,998.3628887694044
2874,998.3628887694044
2875,998.3628887694044
2876,998.3628887694044
2877,998.3628887694044
2878,998.3628887694044
2879,998.3628887694044
2880,998.3628887694044
2881,998.3628887694044
2882,998.3628887694044
2883,998.3628887694044
2884,998.3628887694044
2885,998.3628887694044
2886,998.3628887694044
2887,998.3628887694044
2888,998.3628887694044
2889,998.3628887694044
2890,998.3628887694044
2891,998.3628887694044
2892,998.3628887694044
2893,998.3628887694044
2894,998.3628887694044
2895,998.3628887694044
2896,998.3628887694044
2897,998.3628887694044
2898,998.3628887694044
2899,998.3628887694044
2900,998.3628887694044
2901,998.3628887694044
2902,998.3628887694044
2903,998.3628887694044
2904,998.3628887694044
2905,998.3628887694044
2906,998.3628887694044
2907,998.3628887694044
2908,998.3628887694044
2909,998.3628887694044
2910,998.3628887694044
2911,998.3628887694044
2912,998.3628887694044
2913,998.3628887694044
2914,998.3628887694044
2915,998.3628887694044
2916,998.3628887694044
2917,998.3628887694044
2918,998.3628887694044
2919,998.3628887694044
2920,998.3628887694044
2921,998.3628887694044
2922,998.3628887694044
2923,998.3628887694044
2924,998.3628887694044
2925,998.3628887694044
2926,998.3628887694044
2927,998.3628887694044
2928,998.3628887694044
2929,998.3628887694044
2930,998.3628887694044
2931,998.3628887694044
2932,998.3628887694044
2933,998.3628887694044
2934,998.3628887694044
2935,998.3628887694044
2936,998.3628887694044
2937,998.3628887694044
2938,998.3628887694044
2939,998.3628887694044
2940,998.3628887694044
2941,998.3628887694044
2942,998.3628887694044
2943,998.3628887694044
2944,998.3628887694044
2945,998.3628887694044
2946,998.3628887694044
2947,998.3628887694044
2948,998.3628887694044
2949,998.3628887694044
2950,998.3628887694044
2951,998.3628887694044
2952,998.3628887694044
2953,998.3628887694044
2954,998.3628887694044
2955,998.3628887694044
2956,998.3628887694044
2957,998.3628887694044
2958,998.3628887694044
2959,998.3628887694044
2960,998.3628887694044
2961,998.3628887694044
2962,998.3628887694044
2963,998.3628887694044
2964,998.3628887694044
2965,998.3628887694044
2966,998.3628887694044
2967,998.3628887694044
2968,998.3628887694044
2969,998.3628887694044
2970,998.3628887694044
2971,998.3628887694044
2972,998.3628887694044
2973,998.3628887694044
2974,998.3628887694044
2975,998.3628887694044
2976,998.3628887694044
2977,998.3628887694044
2978,998.3628887694044
2979,998.3628887694044
2980,998.3628887694044
2981,998.3628887694044
2982,998.3628887694044
2983,998.3628887694044
2984,998.3628887694044
2985,998.3628887694044
2986,998.3628887694044
2987,998.3628887694044
2988,998.3628887694044
2989,998.3628887694044
2990,998.3628887694044
2991,998.3628887694044
2992,998.3628887694044
2993,998.3628887694044
2994,998.3628887694044
2995,998.3628887694044
2996,998.3628887694044
2997,998.3628887694044
2998,998.3628887694044
2999,998.3628887694044
3000,998.3628887694044
3001,998.3628887694044
3002,998.3628887694044
3003,998.3628887694044
3004,998.3628887694044
3005,998.3628887694044
3006,998.3628887694044
3007,998.3628887694044
3008,998.3628887694044
3009,998.3628887694044
3010,998.3628887694044
3011,998.3628887694044
3012,998.3628887694044
3013,998.3628887694044
3014,998.3628887694044
3015,998.3628887694044
3016,998.3628887694044
3017,998.3628887694044
3018,998.3628887694044
3019,998.3628887694044
3020,998.3628887694044
3021,998.3628887694044
3022,998.3628887694044
3023,998.3628887694044
3024,998.3628887694044
3025,998.3628887694044
3026,998.3628887694044
3027,998.3628887694044
3028,998.3628887694044
3029,998.3628887694044
3030,998.3628887694044
3031,998.3628887694044
3032,998.3628887694044
3033,998.3628887694044
3034,998.3628887694044
3035,998.3628887694044
3036,998.3628887694044
3037,998.3628887694044
3038,998.3628887694044
3039,998.3628887694044
3040,998.3628887694044
3041,998.3628887694044
3042,998.3628887694044
3043,998.3628887694044
3044,998.3628887694044
3045,998.3628887694044
3046,998.3628887694044
3047,998.3628887694044
3048,998.3628887694044
3049,998.3628887694044
3050,998.3628887694044
3051,998.3628887694044
3052,998.3628887694044
3053,998.3628887694044
3054,998.3628887694044
3055,998.3628887694044
3056,998.3628887694044
3057,998.3628887694044
3058,998.3628887694044
3059,998.3628887694044
3060,998.3628887694044
3061,998.3628887694044
3062,998.3628887694044
3063,998.3628887694044
3064,998.3628887694044
3065,998.3628887694044
3066,998.3628887694044
3067,998.3628887694044
3068,998.3628887694044
3069,998.3628887694044
3070,998.3628887694044
3071,998.3628887694044
3072,998.3628887694044
3073,998.3628887694044
3074,998.3628887694044
3075,998.3628887694044
3076,998.3628887694044
3077,998.3628887694044
3078,998.3628887694044
3079,998.3628887694044
3080,998.3628887694044
3081,998.3628887694044
3082,998.3628887694044
3083,998.3628887694044
3084,998.3628887694044
3085,998.3628887694044
3086,998.3628887694044
3087,998.3628887694044
3088,998.3628887694044
3089,998.3628887694044
3090,998.3628887694044
3091,998.3628887694044
3092,998.3628887694044
3093,998.3628887694044
3094,998.3628887694044
3095,998.3628887694044
3096,998.3628887694044
3097,998.3628887694044
3098,998.3628887694044
3099,998.3628887694044
3100,998.3628887694044
3101,998.3628887694044
3102,998.3628887694044
3103,998.3628887694044
3104,998.3628887694044
3105,998.3628887694044
3106,998.3628887694044
3107,998.3628887694044
3108,998.3628887694044
3109,998.3628887694044
3110,998.3628887694044
3111,998.3628887694044
3112,998.3628887694044
3113,998.3628887694044
3114,998.3628887694044
3115,998.3628887694044
3116,998.3628887694044
3117,998.3628887694044
3118,998.3628887694044
3119,998.3628887694044
3120,998.3628887694044
3121,998.3628887694044
3122,998.3628887694044
3123,998.3628887694044
3124,998.3628887694044
3125,998.3628887694044
3126,998.3628887694044
3127,998.3628887694044
3128,998.3628887694044
3129,998.3628887694044
3130,998.3628887694044
3131,998.3628887694044
3132,998.3628887694044
3133,998.3628887694044
3134,998.3628887694044
3135,998.3628887694044
3136,998.3628887694044
3137,998.3628887694044
3138,998.3628887694044
3139,998.3628887694044
3140,998.3628887694044
3141,998.3628887694044
3142,998.3628887694044
3143,998.3628887694044
3144,998.3628887694044
3145,998.3628887694044
3146,998.3628887694044
3147,998.3628887694044
3148,998.3628887694044
3149,998.3628887694044
3150,998.3628887694044
3151,998.3628887694044
3152,998.3628887694044
3153,998.3628887694044
3154,998.3628887694044
3155,998.3628887694044
3156,998.3628887694044
3157,998.3628887694044
3158,998.3628887694044
3159,998.3628887694044
3160,998.3628887694044
3161,998.3628887694044
3162,998.3628887694044
3163,998.3628887694044
3164,998.3628887694044
3165,998.3628887694044
3166,998.3628887694044
3167,998.3628887694044
3168,998.3628887694044
3169,998.3628887694044
3170,998.3628887694044
3171,998.3628887694044
3172,998.3628887694044
3173,998.3628887694044
3174,998.3628887694044
3175,998.3628887694044
3176,998.3628887694044
3177,998.3628887694044
3178,998.3628887694044
3179,998.3628887694044
3180,998.3628887694044
3181,998.3628887694044
3182,998.3628887694044
3183,998.3628887694044
3184,998.3628887694044
3185,998.3628887694044
3186,998.3628887694044
3187,998.3628887694044
3188,998.3628887694044
3189,998.3628887694044
3190,998.3628887694044
3191,998.3628887694044
3192,998.3628887694044
3193,998.3628887694044
3194,998.3628887694044
3195,998.3628887694044
3196,998.3628887694044
3197,998.3628887694044
3198,998.3628887694044
3199,998.3628887694044
3200,998.3628887694044
3201,998.3628887694044
3202,998.3628887694044
3203,998.3628887694044
3204,998.3628887694044
3205,998.3628887694044
3206,998.3628887694044
3207,998.3628887694044
3208,998.3628887694044
3209,998.3628887694044
3210,998.3628887694044
3211,998.3628887694044
3212,998.3628887694044
3213,998.3628887694044
3214,998.3628887694044
3215,998.3628887694044
3216,998.3628887694044
3217,998.3628887694044
3218,998.3628887694044
3219,998.3628887694044
3220,998.3628887694044
3221,998.3628887694044
3222,998.3628887694044
3223,998.3628887694044
3224,998.3628887694044
3225,998.3628887694044
3226,998.3628887694044
3227,998.3628887694044
3228,998.3628887694044
3229,998.3628887694044
3230,998.3628887694044
3231,998.3628887694044
3232,998.3628887694044
3233,998.3628887694044
3234,998.3628887694044
3235,998.3628887694044
3236,998.3628887694044
3237,998.3628887694044
3238,998.3628887694044
3239,998.3628887694044
3240,998.3628887694044
3241,998.3628887694044
3242,998.3628887694044
3243,998.3628887694044
3244,998.3628887694044
3245,998.3628887694044
3246,998.3628887694044
3247,998.3628887694044
3248,998.3628887694044
3249,998.3628887694044
3250,998.3628887694044
3251,998.3628887694044
3252,998.3628887694044
3253,998.3628887694044
3254,998.3628887694044
3255,998.3628887694044
3256,998.3628887694044
3257,998.3628887694044
3258,998.3628887694044
3259,998.3628887694044
3260,998.3628887694044
3261,998.3628887694044
3262,998.3628887694044
3263,998.3628887694044
3264,998.3628887694044
3265,998.3628887694044
3266,998.3628887694044
3267,998.3628887694044
3268,998.3628887694044
3269,998.3628887694044
3270,998.3628887694044
3271,998.3628887694044
3272,998.3628887694044
3273,998.3628887694044
3274,998.3628887694044
3275,998.3628887694044
3276,998.3628887694044
3277,998.3628887694044
3278,998.3628887694044
3279,998.3628887694044
3280,998.3628887694044
3281,998.3628887694044
3282,998.3628887694044
3283,998.3628887694044
3284,998.3628887694044
3285,998.3628887694044
3286,998.3628887694044
3287,998.3628887694044
3288,998.3628887694044
3289,998.3628887694044
3290,998.3628887694044
3291,998.3628887694044
3292,998.3628887694044
3293,998.3628887694044
3294,998.3628887694044
3295,998.3628887694044
3296,998.3628887694044
3297,998.3628887694044
3298,998.3628887694044
3299,998.3628887694044
3300,998.3628887694044
3301,998.3628887694044
3302,998.3628887694044
3303,998.3628887694044
3304,998.3628887694044
3305,998.3628887694044
3306,998.3628887694044
3307,998.3628887694044
3308,998.3628887694044
3309,998.3628887694044
3310,998.3628887694044
3311,998.3628887694044
3312,998.3628887694044
3313,998.3628887694044
3314,998.3628887694044
3315,998.3628887694044
3316,998.3628887694044
3317,998.3628887694044
3318,998.3628887694044
3319,998.3628887694044
3320,998.3628887694044
3321,998.3628887694044
3322,998.3628887694044
3323,998.3628887694044
3324,998.3628887694044
3325,998.3628887694044
3326,998.3628887694044
3327,998.3628887694044
3328,998.3628887694044
3329,998.3628887694044
3330,998.3628887694044
3331,998.3628887694044
3332,998.3628887694044
3333,998.3628887694044
3334,998.3628887694044
3335,998.3628887694044
3336,998.3628887694044
3337,998.3628887694044
3338,998.3628887694044
3339,998.3628887694044
3340,998.3628887694044
3341,998.3628887694044
3342,998.3628887694044
3343,998.3628887694044
3344,998.3628887694044
3345,998.3628887694044
3346,998.3628887694044
3347,998.3628887694044
3348,998.3628887694044
3349,998.3628887694044
3350,998.3628887694044
3351,998.3628887694044
3352,998.3628887694044
3353,998.3628887694044
3354,998.3628887694044
3355,998.3628887694044
3356,998.3628887694044
3357,998.3628887694044
3358,998.3628887694044
3359,998.3628887694044
3360,998.3628887694044
3361,998.3628887694044
3362,998.3628887694044
3363,998.3628887694044
3364,998.3628887694044
3365,998.3628887694044
3366,998.3628887694044
3367,998.3628887694044
3368,998.3628887694044
3369,998.3628887694044
3370,998.3628887694044
3371,998.3628887694044
3372,998.3628887694044
3373,998.3628887694044
3374,998.3628887694044
3375,998.3628887694044
3376,998.3628887694044
3377,998.3628887694044
3378,998.3628887694044
3379,998.3628887694044
3380,998.3628887694044
3381,998.3628887694044
3382,998.3628887694044
3383,998.3628887694044
3384,998.3628887694044
3385,998.3628887694044
3386,998.3628887694044
3387,998.3628887694044
3388,998.3628887694044
3389,998.3628887694044
3390,998.3628887694044
3391,998.3628887694044
3392,998.3628887694044
3393,998.3628887694044
3394,998.3628887694044
3395,998.3628887694044
3396,998.3628887694044
3397,998.3628887694044
3398,998.3628887694044
3399,998.3628887694044
3400,998.3628887694044
3401,998.3628887694044
3402,998.3628887694044
3403,998.3628887694044
3404,998.3628887694044
3405,998.3628887694044
3406,998.3628887694044
3407,998.3628887694044
3408,998.3628887694044
3409,998.3628887694044
3410,998.3628887694044
3411,998.3628887694044
3412,998.3628887694044
3413,998.3628887694044
3414,998.3628887694044
3415,998.3628887694044
3416,998.3628887694044
3417,998.3628887694044
3418,998.3628887694044
3419,998.3628887694044
3420,998.3628887694044
3421,998.3628887694044
3422,998.3628887694044
3423,998.3628887694044
3424,998.3628887694044
3425,998.3628887694044
3426,998.3628887694044
3427,998.3628887694044
3428,998.3628887694044
3429,998.3628887694044
3430,998.3628887694044
3431,998.3628887694044
3432,998.3628887694044
3433,998.3628887694044
3434,998.3628887694044
3435,998.3628887694044
3436,998.3628887694044
3437,998.3628887694044
3438,998.3628887694044
3439,998.3628887694044
3440,998.3628887694044
3441,998.3628887694044
3442,998.3628887694044
3443,998.3628887694044
3444,998.3628887694044
3445,998.3628887694044
3446,998.3628887694044
3447,998.3628887694044
3448,998.3628887694044
3449,998.3628887694044
3450,998.3628887694044
3451,998.3628887694044
3452,998.3628887694044
3453,998.3628887694044
3454,998.3628887694044
3455,998.3628887694044
3456,998.3628887694044
3457,998.3628887694044
3458,998.3628887694044
3459,998.3628887694044
3460,998.3628887694044
3461,998.3628887694044
3462,998.3628887694044
3463,998.3628887694044
3464,998.3628887694044
3465,998.3628887694044
3466,998.3628887694044
3467,998.3628887694044
3468,998.3628887694044
3469,998.3628887694044
3470,998.3628887694044
3471,998.3628887694044
3472,998.3628887694044
3473,998.3628887694044
3474,998.3628887694044
3475,998.3628887694044
3476,998.3628887694044
3477,998.3628887694044
3478,998.3628887694044
3479,998.3628887694044
3480,998.3628887694044
3481,998.3628887694044
3482,998.3628887694044
3483,998.3628887694044
3484,998.3628887694044
3485,998.3628887694044
3486,998.3628887694044
3487,998.3628887694044
3488,998.3628887694044
3489,998.3628887694044
3490,998.3628887694044
3491,998.3628887694044
3492,998.3628887694044
3493,998.3628887694044
3494,998.3628887694044
3495,998.3628887694044
3496,998.3628887694044
3497,998.3628887694044
3498,998.3628887694044
3499,998.3628887694044
3500,998.3628887694044
3501,998.3628887694044
3502,998.3628887694044
3503,998.3628887694044
3504,998.3628887694044
3505,998.3628887694044
3506,998.3628887694044
3507,998.3628887694044
3508,998.3628887694044
3509,998.3628887694044
3510,998.3628887694044
3511,998.3628887694044
3512,998.3628887694044
3513,998.3628887694044
3514,998.3628887694044
3515,998.3628887694044
3516,998.3628887694044
3517,998.3628887694044
3518,998.3628887694044
3519,998.3628887694044
3520,998.3628887694044
3521,998.3628887694044
3522,998.3628887694044
3523,998.3628887694044
3524,998.3628887694044
3525,998.3628887694044
3526,998.3628887694044
3527,998.3628887694044
3528,998.3628887694044
3529,998.3628887694044
3530,998.3628887694044
3531,998.3628887694044
3532,998.3628887694044
3533,998.3628887694044
3534,998.3628887694044
3535,998.3628887694044
3536,998.3628887694044
3537,998.3628887694044
3538,998.3628887694044
3539,998.3628887694044
3540,998.3628887694044
3541,998.3628887694044
3542,998.3628887694044
3543,998.3628887694044
3544,998.3628887694044
3545,998.3628887694044
3546,998.3628887694044
3547,998.3628887694044
3548,998.3628887694044
3549,998.3628887694044
3550,998.3628887694044
3551,998.3628887694044
3552,998.3628887694044
3553,998.3628887694044
3554,998.3628887694044
3555,998.3628887694044
3556,998.3628887694044
3557,998.3628887694044
3558,998.3628887694044
3559,998.3628887694044
3560,998.3628887694044
3561,998.3628887694044
3562,998.3628887694044
3563,998.3628887694044
3564,998.3628887694044
3565,998.3628887694044
3566,998.3628887694044
3567,998.3628887694044
3568,998.3628887694044
3569,998.3628887694044
3570,998.3628887694044
3571,998.3628887694044
3572,998.3628887694044
3573,998.3628887694044
3574,998.3628887694044
3575,998.3628887694044
3576,998.3628887694044
3577,998.3628887694044
3578,998.3628887694044
3579,998.3628887694044
3580,998.3628887694044
3581,998.3628887694044
3582,998.3628887694044
3583,998.3628887694044
3584,998.3628887694044
3585,998.3628887694044
3586,998.3628887694044
3587,998.3628887694044
3588,998.3628887694044
3589,998.3628887694044
3590,998.3628887694044
3591,998.3628887694044
3592,998.3628887694044
3593,998.3628887694044
3594,998.3628887694044
3595,998.3628887694044
3596,998.3628887694044
3597,998.3628887694044
3598,998.3628887694044
3599,998.3628887694044
3600,998.3628887694044
3601,998.3628887694044
3602,998.3628887694044
3603,998.3628887694044
3604,998.3628887694044
3605,998.3628887694044
3606,998.3628887694044
3607,998.3628887694044
3608,998.3628887694044
3609,998.3628887694044
3610,998.3628887694044
3611,998.3628887694044
3612,998.3628887694044
3613,998.3628887694044
3614,998.3628887694044
3615,998.3628887694044
3616,998.3628887694044
3617,998.3628887694044
3618,998.3628887694044
3619,998.3628887694044
3620,998.3628887694044
3621,998.3628887694044
3622,998.3628887694044
3623,998.3628887694044
3624,998.3628887694044
3625,998.3628887694044
3626,998.3628887694044
3627,998.3628887694044
3628,998.3628887694044
3629,998.3628887694044
3630,998.3628887694044
3631,998.3628887694044
3632,998.3628887694044
3633,998.3628887694044
3634,998.3628887694044
3635,998.3628887694044
3636,998.3628887694044
3637,998.3628887694044
3638,998.3628887694044
3639,998.3628887694044
3640,998.3628887694044
3641,998.3628887694044
3642,998.3628887694044
3643,998.3628887694044
3644,998.3628887694044
3645,998.3628887694044
3646,998.3628887694044
3647,998.3628887694044
3648,998.3628887694044
3649,998.3628887694044
3650,998.3628887694044
3651,998.3628887694044
3652,998.3628887694044
3653,998.3628887694044
3654,998.3628887694044
3655,998.3628887694044
3656,998.3628887694044
3657,998.3628887694044
3658,998.3628887694044
3659,998.3628887694044
3660,998.3628887694044
3661,998.3628887694044
3662,998.3628887694044
3663,998.3628887694044
3664,998.3628887694044
3665,998.3628887694044
3666,998.3628887694044
3667,998.3628887694044
3668,998.3628887694044
3669,998.3628887694044
3670,998.3628887694044
3671,998.3628887694044
3672,998.3628887694044
3673,998.3628887694044
3674,998.3628887694044
3675,998.3628887694044
3676,998.3628887694044
3677,998.3628887694044
3678,998.3628887694044
3679,998.3628887694044
3680,998.3628887694044
3681,998.3628887694044
3682,998.3628887694044
3683,998.3628887694044
3684,998.3628887694044
3685,998.3628887694044
3686,998.3628887694044
3687,998.3628887694044
3688,998.3628887694044
3689,998.3628887694044
3690,998.3628887694044
3691,998.3628887694044
3692,998.3628887694044
3693,998.3628887694044
3694,998.3628887694044
3695,998.3628887694044
3696,998.3628887694044
3697,998.3628887694044
3698,998.3628887694044
3699,998.3628887694044
3700,998.3628887694044
3701,998.3628887694044
3702,998.3628887694044
3703,998.3628887694044
3704,998.3628887694044
3705,998.3628887694044
3706,998.3628887694044
3707,998.3628887694044
3708,998.3628887694044
3709,998.3628887694044
3710,998.3628887694044
3711,998.3628887694044
3712,998.3628887694044
3713,998.3628887694044
3714,998.3628887694044
3715,998.3628887694044
3716,998.3628887694044
3717,998.3628887694044
3718,998.3628887694044
3719,998.3628887694044
3720,998.3628887694044
3721,998.3628887694044
3722,998.3628887694044
3723,998.3628887694044
3724,998.3628887694044
3725,998.3628887694044
3726,998.3628887694044
3727,998.3628887694044
3728,998.3628887694044
3729,998.3628887694044
3730,998.3628887694044
3731,998.3628887694044
3732,998.3628887694044
3733,998.3628887694044
3734,998.3628887694044
3735,998.3628887694044
3736,998.3628887694044
3737,998.3628887694044
3738,998.3628887694044
3739,998.3628887694044
3740,998.3628887694044
3741,998.3628887694044
3742,998.3628887694044
3743,998.3628887694044
3744,998.3628887694044
3745,998.3628887694044
3746,998.3628887694044
3747,998.3628887694044
3748,998.3628887694044
3749,998.3628887694044
3750,998.3628887694044
3751,998.3628887694044
3752,998.3628887694044
3753,998.3628887694044
3754,998.3628887694044
3755,998.3628887694044
3756,998.3628887694044
3757,998.3628887694044
3758,998.3628887694044
3759,998.3628887694044
3760,998.3628887694044
3761,998.3628887694044
3762,998.3628887694044
3763,998.3628887694044
3764,998.3628887694044
3765,998.3628887694044
3766,998.3628887694044
3767,998.3628887694044
3768,998.3628887694044
3769,998.3628887694044
3770,998.3628887694044
3771,998.3628887694044
3772,998.3628887694044
3773,998.3628887694044
3774,998.3628887694044
3775,998.3628887694044
3776,998.3628887694044
3777,998.3628887694044
3778,998.3628887694044
3779,998.3628887694044
3780,998.3628887694044
3781,998.3628887694044
3782,998.3628887694044
3783,998.3628887694044
3784,998.3628887694044
3785,998.3628887694044
3786,998.3628887694044
3787,998.3628887694044
3788,998.3628887694044
3789,998.3628887694044
3790,998.3628887694044
3791,998.3628887694044
3792,998.3628887694044
3793,998.3628887694044
3794,998.3628887694044
3795,998.3628887694044
3796,998.3628887694044
3797,998.3628887694044
3798,998.3628887694044
3799,998.3628887694044
3800,998.3628887694044
3801,998.3628887694044
3802,998.3628887694044
3803,998.3628887694044
3804,998.3628887694044
3805,998.3628887694044
3806,998.3628887694044
3807,998.3628887694044
3808,998.3628887694044
3809,998.3628887694044
3810,998.3628887694044
3811,998.3628887694044
3812,998.3628887694044
3813,998.3628887694044
3814,998.3628887694044
3815,998.3628887694044
3816,998.3628887694044
3817,998.3628887694044
3818,998.3628887694044
3819,998.3628887694044
3820,998.3628887694044
3821,998.3628887694044
3822,998.3628887694044
3823,998.3628887694044
3824,998.3628887694044
3825,998.3628887694044
3826,998.3628887694044
3827,998.3628887694044
3828,998.3628887694044
3829,998.3628887694044
3830,998.3628887694044
3831,998.3628887694044
3832,998.3628887694044
3833,998.3628887694044
3834,998.3628887694044
3835,998.3628887694044
3836,998.3628887694044
3837,998.3628887694044
3838,998.3628887694044
3839,998.3628887694044
3840,998.3628887694044
3841,998.3628887694044
3842,998.3628887694044
3843,998.3628887694044
3844,998.3628887694044
3845,998.3628887694044
3846,998.3628887694044
3847,998.3628887694044
3848,998.3628887694044
3849,998.3628887694044
3850,998.3628887694044
3851,998.3628887694044
3852,998.3628887694044
3853,998.3628887694044
3854,998.3628887694044
3855,998.3628887694044
3856,998.3628887694044
3857,998.3628887694044
3858,998.3628887694044
3859,998.3628887694044
3860,998.3628887694044
3861,998.3628887694044
3862,998.3628887694044
3863,998.3628887694044
3864,998.3628887694044
3865,998.3628887694044
3866,998.3628887694044
3867,998.3628887694044
3868,998.3628887694044
3869,998.3628887694044
3870,998.3628887694044
3871,998.3628887694044
3872,998.3628887694044
3873,998.3628887694044
3874,998.3628887694044
3875,998.3628887694044
3876,998.3628887694044
3877,998.3628887694044
3878,998.3628887694044
3879,998.3628887694044
3880,998.3628887694044
3881,998.3628887694044
3882,998.3628887694044
3883,998.3628887694044
3884,998.3628887694044
3885,998.3628887694044
3886,998.3628887694044
3887,998.3628887694044
3888,998.3628887694044
3889,998.3628887694044
3890,998.3628887694044
3891,998.3628887694044
3892,998.3628887694044
3893,998.3628887694044
3894,998.3628887694044
3895,998.3628887694044
3896,998.3628887694044
3897,998.3628887694044
3898,998.3628887694044
3899,998.3628887694044
3900,998.3628887694044
3901,998.3628887694044
3902,998.3628887694044
3903,998.3628887694044
3904,998.3628887694044
3905,998.3628887694044
3906,998.3628887694044
3907,998.3628887694044
3908,998.3628887694044
3909,998.3628887694044
3910,998.3628887694044
3911,998.3628887694044
3912,998.3628887694044
3913,998.3628887694044
3914,998.3628887694044
3915,998.3628887694044
3916,998.3628887694044
3917,998.3628887694044
3918,998.3628887694044
3919,998.3628887694044
3920,998.3628887694044
3921,998.3628887694044
3922,998.3628887694044
3923,998.3628887694044
3924,998.3628887694044
3925,998.3628887694044
3926,998.3628887694044
3927,998.3628887694044
3928,998.3628887694044
3929,998.3628887694044
3930,998.3628887694044
3931,998.3628887694044
3932,998.3628887694044
3933,998.3628887694044
3934,998.3628887694044
3935,998.3628887694044
3936,998.3628887694044
3937,998.3628887694044
3938,998.3628887694044
3939,998.3628887694044
3940,998.3628887694044
3941,998.3628887694044
3942,998.3628887694044
3943,998.3628887694044
3944,998.3628887694044
3945,998.3628887694044
3946,998.3628887694044
3947,998.3628887694044
3948,998.3628887694044
3949,998.3628887694044
3950,998.3628887694044
3951,998.3628887694044
3952,998.3628887694044
3953,998.3628887694044
3954,998.3628887694044
3955,998.3628887694044
3956,998.3628887694044
3957,998.3628887694044
3958,998.3628887694044
3959,998.3628887694044
3960,998.3628887694044
3961,998.3628887694044
3962,998.3628887694044
3963,998.3628887694044
3964,998.3628887694044
3965,998.3628887694044
3966,998.3628887694044
3967,998.3628887694044
3968,998.3628887694044
3969,998.3628887694044
3970,998.3628887694044
3971,998.3628887694044
3972,998.3628887694044
3973,998.3628887694044
3974,998.3628887694044
3975,998.3628887694044
3976,998.3628887694044
3977,998.3628887694044
3978,998.3628887694044
3979,998.3628887694044
3980,998.3628887694044
3981,998.3628887694044
3982,998.3628887694044
3983,998.3628887694044
3984,998.3628887694044
3985,998.3628887694044
3986,998.3628887694044
3987,998.3628887694044
3988,998.3628887694044
3989,998.3628887694044
3990,998.3628887694044
3991,998.3628887694044
3992,998.3628887694044
3993,998.3628887694044
3994,998.3628887694044
3995,998.3628887694044
3996,998.3628887694044
3997,998.3628887694044
3998,998.3628887694044
3999,998.3628887694044
4000,998.3628887694044
4001,998.3628887694044
4002,998.3628887694044
4003,998.3628887694044
4004,998.3628887694044
4005,998.3628887694044
4006,998.3628887694044
4007,998.3628887694044
4008,998.3628887694044
4009,998.3628887694044
4010,998.3628887694044
4011,998.3628887694044
4012,998.3628887694044
4013,998.3628887694044
4014,998.3628887694044
4015,998.3628887694044
4016,998.3628887694044
4017,998.3628887694044
4018,998.3628887694044
4019,998.3628887694044
4020,998.3628887694044
4021,998.3628887694044
4022,998.3628887694044
4023,998.3628887694044
4024,998.3628887694044
4025,998.3628887694044
4026,998.3628887694044
4027,998.3628887694044
4028,998.3628887694044
4029,998.3628887694044
4030,998.3628887694044
4031,998.3628887694044
4032,998.3628887694044
4033,998.3628887694044
4034,998.3628887694044
4035,998.3628887694044
4036,998.3628887694044
4037,998.3628887694044
4038,998.3628887694044
4039,998.3628887694044
4040,998.3628887694044
4041,998.3628887694044
4042,998.3628887694044
4043,998.3628887694044
4044,998.3628887694044
4045,998.3628887694044
4046,998.3628887694044
4047,998.3628887694044
4048,998.3628887694044
4049,998.3628887694044
4050,998.3628887694044
4051,998.3628887694044
4052,998.3628887694044
4053,998.3628887694044
4054,998.3628887694044
4055,998.3628887694044
4056,998.3628887694044
4057,998.3628887694044
4058,998.3628887694044
4059,998.3628887694044
4060,998.3628887694044
4061,998.3628887694044
4062,998.3628887694044
4063,998.3628887694044
4064,998.3628887694044
4065,998.3628887694044
4066,998.3628887694044
4067,998.3628887694044
4068,998.3628887694044
4069,998.3628887694044
4070,998.3628887694044
4071,998.3628887694044
4072,998.3628887694044
4073,998.3628887694044
4074,998.3628887694044
4075,998.3628887694044
4076,998.3628887694044
4077,998.3628887694044
4078,998.3628887694044
4079,998.3628887694044
4080,998.3628887694044
4081,998.3628887694044
4082,998.3628887694044
4083,998.3628887694044
4084,998.3628887694044
4085,998.3628887694044
4086,998.3628887694044
4087,998.3628887694044
4088,998.3628887694044
4089,998.3628887694044
4090,998.3628887694044
4091,998.3628887694044
4092,998.3628887694044
4093,998.3628887694044
4094,998.3628887694044
4095,998.3628887694044
4096,998.3628887694044
4097,998.3628887694044
4098,998.3628887694044
4099,998.3628887694044
4100,998.3628887694044
4101,998.3628887694044
4102,998.3628887694044
4103,998.3628887694044
4104,998.3628887694044
4105,998.3628887694044
4106,998.3628887694044
4107,998.3628887694044
4108,998.3628887694044
4109,998.3628887694044
4110,998.3628887694044
4111,998.3628887694044
4112,998.3628887694044
4113,998.3628887694044
4114,998.3628887694044
4115,998.3628887694044
4116,998.3628887694044
4117,998.3628887694044
4118,998.3628887694044
4119,998.3628887694044
4120,998.3628887694044
4121,998.3628887694044
4122,998.3628887694044
4123,998.3628887694044
4124,998.3628887694044
4125,998.3628887694044
4126,998.3628887694044
4127,998.3628887694044
4128,998.3628887694044
4129,998.3628887694044
4130,998.3628887694044
4131,998.3628887694044
4132,998.3628887694044
4133,998.3628887694044
4134,998.3628887694044
4135,998.3628887694044
4136,998.3628887694044
4137,998.3628887694044
4138,998.3628887694044
4139,998.3628887694044
4140,998.3628887694044
4141,998.3628887694044
4142,998.3628887694044
4143,998.3628887694044
4144,998.3628887694044
4145,998.3628887694044
4146,998.3628887694044
4147,998.3628887694044
4148,998.3628887694044
4149,998.3628887694044
4150,998.3628887694044
4151,998.3628887694044
4152,998.3628887694044
4153,998.3628887694044
4154,998.3628887694044
4155,998.3628887694044
4156,998.3628887694044
4157,998.3628887694044
4158,998.3628887694044
4159,998.3628887694044
4160,998.3628887694044
4161,998.3628887694044
4162,998.3628887694044
4163,998.3628887694044
4164,998.3628887694044
4165,998.3628887694044
4166,998.3628887694044
4167,998.3628887694044
4168,998.3628887694044
4169,998.3628887694044
4170,998.3628887694044
4171,998.3628887694044
4172,998.3628887694044
4173,998.3628887694044
4174,998.3628887694044
4175,998.3628887694044
4176,998.3628887694044
4177,998.3628887694044
4178,998.3628887694044
4179,998.3628887694044
4180,998.3628887694044
4181,998.3628887694044
4182,998.3628887694044
4183,998.3628887694044
4184,998.3628887694044
4185,998.3628887694044
4186,998.3628887694044
4187,998.3628887694044
4188,998.3628887694044
4189,998.3628887694044
4190,998.3628887694044
4191,998.3628887694044
4192,998.3628887694044
4193,998.3628887694044
4194,998.3628887694044
4195,998.3628887694044
4196,998.3628887694044
4197,998.3628887694044
4198,998.3628887694044
4199,998.3628887694044
4200,998.3628887694044
4201,998.3628887694044
4202,998.3628887694044
4203,998.3628887694044
4204,998.3628887694044
4205,998.3628887694044
4206,998.3628887694044
4207,998.3628887694044
4208,998.3628887694044
4209,998.3628887694044
4210,998.3628887694044
4211,998.3628887694044
4212,998.3628887694044
4213,998.3628887694044
4214,998.3628887694044
4215,998.3628887694044
4216,998.3628887694044
4217,998.3628887694044
4218,998.3628887694044
4219,998.3628887694044
4220,998.3628887694044
4221,998.3628887694044
4222,998.3628887694044
4223,998.3628887694044
4224,998.3628887694044
4225,998.3628887694044
4226,998.3628887694044
4227,998.3628887694044
4228,998.3628887694044
4229,998.3628887694044
4230,998.3628887694044
4231,998.3628887694044
4232,998.3628887694044
4233,998.3628887694044
4234,998.3628887694044
4235,998.3628887694044
4236,998.3628887694044
4237,998.3628887694044
4238,998.3628887694044
4239,998.3628887694044
4240,998.3628887694044
4241,998.3628887694044
4242,998.3628887694044
4243,998.3628887694044
4244,998.3628887694044
4245,998.3628887694044
4246,998.3628887694044
4247,998.3628887694044
4248,998.3628887694044
4249,998.3628887694044
4250,998.3628887694044
4251,998.3628887694044
4252,998.3628887694044
4253,998.3628887694044
4254,998.3628887694044
4255,998.3628887694044
4256,998.3628887694044
4257,998.3628887694044
4258,998.3628887694044
4259,998.3628887694044
4260,998.3628887694044
4261,998.3628887694044
4262,998.3628887694044
4263,998.3628887694044
4264,998.3628887694044
4265,998.3628887694044
4266,998.3628887694044
4267,998.3628887694044
4268,998.3628887694044
4269,998.3628887694044
4270,998.3628887694044
4271,998.3628887694044
4272,998.3628887694044
4273,998.3628887694044
4274,998.3628887694044
4275,998.3628887694044
4276,998.3628887694044
4277,998.3628887694044
4278,998.3628887694044
4279,998.3628887694044
4280,998.3628887694044
4281,998.3628887694044
4282,998.3628887694044
4283,998.3628887694044
4284,998.3628887694044
4285,998.3628887694044
4286,998.3628887694044
4287,998.3628887694044
4288,998.3628887694044
4289,998.3628887694044
4290,998.3628887694044
4291,998.3628887694044
4292,998.3628887694044
4293,998.3628887694044
4294,998.3628887694044
4295,998.3628887694044
4296,998.3628887694044
4297,998.3628887694044
4298,998.3628887694044
4299,998.3628887694044
4300,998.3628887694044
4301,998.3628887694044
4302,998.3628887694044
4303,998.3628887694044
4304,998.3628887694044
4305,998.3628887694044
4306,998.3628887694044
4307,998.3628887694044
4308,998.3628887694044
4309,998.3628887694044
4310,998.3628887694044
4311,998.3628887694044
4312,998.3628887694044
4313,998.3628887694044
4314,998.3628887694044
4315,998.3628887694044
4316,998.3628887694044
4317,998.3628887694044
4318,998.3628887694044
4319,998.3628887694044
4320,998.3628887694044
4321,998.3628887694044
4322,998.3628887694044
4323,998.3628887694044
4324,998.3628887694044
4325,998.3628887694044
4326,998.3628887694044
4327,998.3628887694044
4328,998.3628887694044
4329,998.3628887694044
4330,998.3628887694044
4331,998.3628887694044
4332,998.3628887694044
4333,998.3628887694044
4334,998.3628887694044
4335,998.3628887694044
4336,998.3628887694044
4337,998.3628887694044
4338,998.3628887694044
4339,998.3628887694044
4340,998.3628887694044
4341,998.3628887694044
4342,998.3628887694044
4343,998.3628887694044
4344,998.3628887694044
4345,998.3628887694044
4346,998.3628887694044
4347,998.3628887694044
4348,998.3628887694044
4349,998.3628887694044
4350,998.3628887694044
4351,998.3628887694044
4352,998.3628887694044
4353,998.3628887694044
4354,998.3628887694044
4355,998.3628887694044
4356,998.3628887694044
4357,998.3628887694044
4358,998.3628887694044
4359,998.3628887694044
4360,998.3628887694044
4361,998.3628887694044
4362,998.3628887694044
4363,998.3628887694044
4364,998.3628887694044
4365,998.3628887694044
4366,998.3628887694044
4367,998.3628887694044
4368,998.3628887694044
4369,998.3628887694044
4370,998.3628887694044
4371,998.3628887694044
4372,998.3628887694044
4373,998.3628887694044
4374,998.3628887694044
4375,998.3628887694044
4376,998.3628887694044
4377,998.3628887694044
4378,998.3628887694044
4379,998.3628887694044
4380,998.3628887694044
4381,998.3628887694044
4382,998.3628887694044
4383,998.3628887694044
4384,998.3628887694044
4385,998.3628887694044
4386,998.3628887694044
4387,998.3628887694044
4388,998.3628887694044
4389,998.3628887694044
4390,998.3628887694044
4391,998.3628887694044
4392,998.3628887694044
4393,998.3628887694044
4394,998.3628887694044
4395,998.3628887694044
4396,998.3628887694044
4397,998.3628887694044
4398,998.3628887694044
4399,998.3628887694044
4400,998.3628887694044
4401,998.3628887694044
4402,998.3628887694044
4403,998.3628887694044
4404,998.3628887694044
4405,998.3628887694044
4406,998.3628887694044
4407,998.3628887694044
4408,998.3628887694044
4409,998.3628887694044
4410,998.3628887694044
4411,998.3628887694044
4412,998.3628887694044
4413,998.3628887694044
4414,998.3628887694044
4415,998.3628887694044
4416,998.3628887694044
4417,998.3628887694044
4418,998.3628887694044
4419,998.3628887694044
4420,998.3628887694044
4421,998.3628887694044
4422,998.3628887694044
4423,998.3628887694044
4424,998.3628887694044
4425,998.3628887694044
4426,998.3628887694044
4427,998.3628887694044
4428,998.3628887694044
4429,998.3628887694044
4430,998.3628887694044
4431,998.3628887694044
4432,998.3628887694044
4433,998.3628887694044
4434,998.3628887694044
4435,998.3628887694044
4436,998.3628887694044
4437,998.3628887694044
4438,998.3628887694044
4439,998.3628887694044
4440,998.3628887694044
4441,998.3628887694044
4442,998.3628887694044
4443,998.3628887694044
4444,998.3628887694044
4445,998.3628887694044
4446,998.3628887694044
4447,998.3628887694044
4448,998.3628887694044
4449,998.3628887694044
4450,998.3628887694044
4451,998.3628887694044
4452,998.3628887694044
4453,998.3628887694044
4454,998.3628887694044
4455,998.3628887694044
4456,998.3628887694044
4457,998.3628887694044
4458,998.3628887694044
4459,998.3628887694044
4460,998.3628887694044
4461,998.3628887694044
4462,998.3628887694044
4463,998.3628887694044
4464,998.3628887694044
4465,998.3628887694044
4466,998.3628887694044
4467,998.3628887694044
4468,998.3628887694044
4469,998.3628887694044
4470,998.3628887694044
4471,998.3628887694044
4472,998.3628887694044
4473,998.3628887694044
4474,998.3628887694044
4475,998.3628887694044
4476,998.3628887694044
4477,998.3628887694044
4478,998.3628887694044
4479,998.3628887694044
4480,998.3628887694044
4481,998.3628887694044
4482,998.3628887694044
4483,998.3628887694044
4484,998.3628887694044
4485,998.3628887694044
4486,998.3628887694044
4487,998.3628887694044
4488,998.3628887694044
4489,998.3628887694044
4490,998.3628887694044
4491,998.3628887694044
4492,998.3628887694044
4493,998.3628887694044
4494,998.3628887694044
4495,998.3628887694044
4496,998.3628887694044
4497,998.3628887694044
4498,998.3628887694044
4499,998.3628887694044
4500,998.3628887694044
4501,998.3628887694044
4502,998.3628887694044
4503,998.3628887694044
4504,998.3628887694044
4505,998.3628887694044
4506,998.3628887694044
4507,998.3628887694044
4508,998.3628887694044
4509,998.3628887694044
4510,998.3628887694044
4511,998.3628887694044
4512,998.3628887694044
4513,998.3628887694044
4514,998.3628887694044
4515,998.3628887694044
4516,998.3628887694044
4517,998.3628887694044
4518,998.3628887694044
4519,998.3628887694044
4520,998.3628887694044
4521,998.3628887694044
4522,998.3628887694044
4523,998.3628887694044
4524,998.3628887694044
4525,998.3628887694044
4526,998.3628887694044
4527,998.3628887694044
4528,998.3628887694044
4529,998.3628887694044
4530,998.3628887694044
4531,998.3628887694044
4532,998.3628887694044
4533,998.3628887694044
4534,998.3628887694044
4535,998.3628887694044
4536,998.3628887694044
4537,998.3628887694044
4538,998.3628887694044
4539,998.3628887694044
4540,998.3628887694044
4541,998.3628887694044
4542,998.3628887694044
4543,998.3628887694044
4544,998.3628887694044
4545,998.3628887694044
4546,998.3628887694044
4547,998.3628887694044
4548,998.3628887694044
4549,998.3628887694044
4550,998.3628887694044
4551,998.3628887694044
4552,998.3628887694044
4553,998.3628887694044
4554,998.3628887694044
4555,998.3628887694044
4556,998.3628887694044
4557,998.3628887694044
4558,998.3628887694044
4559,998.3628887694044
4560,998.3628887694044
4561,998.3628887694044
4562,998.3628887694044
4563,998.3628887694044
4564,998.3628887694044
4565,998.3628887694044
4566,998.3628887694044
4567,998.3628887694044
4568,998.3628887694044
4569,998.3628887694044
4570,998.3628887694044
4571,998.3628887694044
4572,998.3628887694044
4573,998.3628887694044
4574,998.3628887694044
4575,998.3628887694044
4576,998.3628887694044
4577,998.3628887694044
4578,998.3628887694044
4579,998.3628887694044
4580,998.3628887694044
4581,998.3628887694044
4582,998.3628887694044
4583,998.3628887694044
4584,998.3628887694044
4585,998.3628887694044
4586,998.3628887694044
4587,998.3628887694044
4588,998.3628887694044
4589,998.3628887694044
4590,998.3628887694044
4591,998.3628887694044
4592,998.3628887694044
4593,998.3628887694044
4594,998.3628887694044
4595,998.3628887694044
4596,998.3628887694044
4597,998.3628887694044
4598,998.3628887694044
4599,998.3628887694044
4600,998.3628887694044
4601,998.3628887694044
4602,998.3628887694044
4603,998.3628887694044
4604,998.3628887694044
4605,998.3628887694044
4606,998.3628887694044
4607,998.3628887694044
4608,998.3628887694044
4609,998.3628887694044
4610,998.3628887694044
4611,998.3628887694044
4612,998.3628887694044
4613,998.3628887694044
4614,998.3628887694044
4615,998.3628887694044
4616,998.3628887694044
4617,998.3628887694044
4618,998.3628887694044
4619,998.3628887694044
4620,998.3628887694044
4621,998.3628887694044
4622,998.3628887694044
4623,998.3628887694044
4624,998.3628887694044
4625,998.3628887694044
4626,998.3628887694044
4627,998.3628887694044
4628,998.3628887694044
4629,998.3628887694044
4630,998.3628887694044
4631,998.3628887694044
4632,998.3628887694044
4633,998.3628887694044
4634,998.3628887694044
4635,998.3628887694044
4636,998.3628887694044
4637,998.3628887694044
4638,998.3628887694044
4639,998.3628887694044
4640,998.3628887694044
4641,998.3628887694044
4642,998.3628887694044
4643,998.3628887694044
4644,998.3628887694044
4645,998.3628887694044
4646,998.3628887694044
4647,998.3628887694044
4648,998.3628887694044
4649,998.3628887694044
4650,998.3628887694044
4651,998.3628887694044
4652,998.3628887694044
4653,998.3628887694044
4654,998.3628887694044
4655,998.3628887694044
4656,998.3628887694044
4657,998.3628887694044
4658,998.3628887694044
4659,998.3628887694044
4660,998.3628887694044
4661,998.3628887694044
4662,998.3628887694044
4663,998.3628887694044
4664,998.3628887694044
4665,998.3628887694044
4666,998.3628887694044
4667,998.3628887694044
4668,998.3628887694044
4669,998.3628887694044
4670,998.3628887694044
4671,998.3628887694044
4672,998.3628887694044
4673,998.3628887694044
4674,998.3628887694044
4675,998.3628887694044
4676,998.3628887694044
4677,998.3628887694044
4678,998.3628887694044
4679,998.3628887694044
4680,998.3628887694044
4681,998.3628887694044
4682,998.3628887694044
4683,998.3628887694044
4684,998.3628887694044
4685,998.3628887694044
4686,998.3628887694044
4687,998.3628887694044
4688,998.3628887694044
4689,998.3628887694044
4690,998.3628887694044
4691,998.3628887694044
4692,998.3628887694044
4693,998.3628887694044
4694,998.3628887694044
4695,998.3628887694044
4696,998.3628887694044
4697,998.3628887694044
4698,998.3628887694044
4699,998.3628887694044
4700,998.3628887694044
4701,998.3628887694044
4702,998.3628887694044
4703,998.3628887694044
4704,998.3628887694044
4705,998.3628887694044
4706,998.3628887694044
4707,998.3628887694044
4708,998.3628887694044
4709,998.3628887694044
4710,998.3628887694044
4711,998.3628887694044
4712,998.3628887694044
4713,998.3628887694044
4714,998.3628887694044
4715,998.3628887694044
4716,998.3628887694044
4717,998.3628887694044
4718,998.3628887694044
4719,998.3628887694044
4720,998.3628887694044
4721,998.3628887694044
4722,998.3628887694044
4723,998.3628887694044
4724,998.3628887694044
4725,998.3628887694044
4726,998.3628887694044
4727,998.3628887694044
4728,998.3628887694044
4729,998.3628887694044
4730,998.3628887694044
4731,998.3628887694044
4732,998.3628887694044
4733,998.3628887694044
4734,998.3628887694044
4735,998.3628887694044
4736,998.3628887694044
4737,998.3628887694044
4738,998.3628887694044
4739,998.3628887694044
4740,998.3628887694044
4741,998.3628887694044
4742,998.3628887694044
4743,998.3628887694044
4744,998.3628887694044
4745,998.3628887694044
4746,998.3628887694044
4747,998.3628887694044
4748,998.3628887694044
4749,998.3628887694044
4750,998.3628887694044
4751,998.3628887694044
4752,998.3628887694044
4753,998.3628887694044
4754,998.3628887694044
4755,998.3628887694044
4756,998.3628887694044
4757,998.3628887694044
4758,998.3628887694044
4759,998.3628887694044
4760,998.3628887694044
4761,998.3628887694044
4762,998.3628887694044
4763,998.3628887694044
4764,998.3628887694044
4765,998.3628887694044
4766,998.3628887694044
4767,998.3628887694044
4768,998.3628887694044
4769,998.3628887694044
4770,998.3628887694044
4771,998.3628887694044
4772,998.3628887694044
4773,998.3628887694044
4774,998.3628887694044
4775,998.3628887694044
4776,998.3628887694044
4777,998.3628887694044
4778,998.3628887694044
4779,998.3628887694044
4780,998.3628887694044
4781,998.3628887694044
4782,998.3628887694044
4783,998.3628887694044
4784,998.3628887694044
4785,998.3628887694044
4786,998.3628887694044
4787,998.3628887694044
4788,998.3628887694044
4789,998.3628887694044
4790,998.3628887694044
4791,998.3628887694044
4792,998.3628887694044
4793,998.3628887694044
4794,998.3628887694044
4795,998.3628887694044
4796,998.3628887694044
4797,998.3628887694044
4798,998.3628887694044
4799,998.3628887694044
4800,998.3628887694044
4801,998.3628887694044
4802,998.3628887694044
4803,998.3628887694044
4804,998.3628887694044
4805,998.3628887694044
4806,998.3628887694044
4807,998.3628887694044
4808,998.3628887694044
4809,998.3628887694044
4810,998.3628887694044
4811,998.3628887694044
4812,998.3628887694044
4813,998.3628887694044
4814,998.3628887694044
4815,998.3628887694044
4816,998.3628887694044
4817,998.3628887694044
4818,998.3628887694044
4819,998.3628887694044
4820,998.3628887694044
4821,998.3628887694044
4822,998.3628887694044
4823,998.3628887694044
4824,998.3628887694044
4825,998.3628887694044
4826,998.3628887694044
4827,998.3628887694044
4828,998.3628887694044
4829,998.3628887694044
4830,998.3628887694044
4831,998.3628887694044
4832,998.3628887694044
4833,998.3628887694044
4834,998.3628887694044
4835,998.3628887694044
4836,998.3628887694044
4837,998.3628887694044
4838,998.3628887694044
4839,998.3628887694044
4840,998.3628887694044
4841,998.3628887694044
4842,998.3628887694044
4843,998.3628887694044
4844,998.3628887694044
4845,998.3628887694044
4846,998.3628887694044
4847,998.3628887694044
4848,998.3628887694044
4849,998.3628887694044
4850,998.3628887694044
4851,998.3628887694044
4852,998.3628887694044
4853,998.3628887694044
4854,998.3628887694044
4855,998.3628887694044
4856,998.3628887694044
4857,998.3628887694044
4858,998.3628887694044
4859,998.3628887694044
4860,998.3628887694044
4861,998.3628887694044
4862,998.3628887694044
4863,998.3628887694044
4864,998.3628887694044
4865,998.3628887694044
4866,998.3628887694044
4867,998.3628887694044
4868,998.3628887694044
4869,998.3628887694044
4870,998.3628887694044
4871,998.3628887694044
4872,998.3628887694044
4873,998.3628887694044
4874,998.3628887694044
4875,998.3628887694044
4876,998.3628887694044
4877,998.3628887694044
4878,998.3628887694044
4879,998.3628887694044
4880,998.3628887694044
4881,998.3628887694044
4882,998.3628887694044
4883,998.3628887694044
4884,998.3628887694044
4885,998.3628887694044
4886,998.3628887694044
4887,998.3628887694044
4888,998.3628887694044
4889,998.3628887694044
4890,998.3628887694044
4891,998.3628887694044
4892,998.3628887694044
4893,998.3628887694044
4894,998.3628887694044
4895,998.3628887694044
4896,998.3628887694044
4897,998.3628887694044
4898,998.3628887694044
4899,998.3628887694044
4900,998.3628887694044
4901,998.3628887694044
4902,998.3628887694044
4903,998.3628887694044
4904,998.3628887694044
4905,998.3628887694044
4906,998.3628887694044
4907,998.3628887694044
4908,998.3628887694044
4909,998.3628887694044
4910,998.3628887694044
4911,998.3628887694044
4912,998.3628887694044
4913,998.3628887694044
4914,998.3628887694044
4915,998.3628887694044
4916,998.3628887694044
4917,998.3628887694044
4918,998.3628887694044
4919,998.3628887694044
4920,998.3628887694044
4921,998.3628887694044
4922,998.3628887694044
4923,998.3628887694044
4924,998.3628887694044
4925,998.3628887694044
4926,998.3628887694044
4927,998.3628887694044
4928,998.3628887694044
4929,998.3628887694044
4930,998.3628887694044
4931,998.3628887694044
4932,998.3628887694044
4933,998.3628887694044
4934,998.3628887694044
4935,998.3628887694044
4936,998.3628887694044
4937,998.3628887694044
4938,998.3628887694044
4939,998.3628887694044
4940,998.3628887694044
4941,998.3628887694044
4942,998.3628887694044
4943,998.3628887694044
4944,998.3628887694044
4945,998.3628887694044
4946,998.3628887694044
4947,998.3628887694044
4948,998.3628887694044
4949,998.3628887694044
4950,998.3628887694044
4951,998.3628887694044
4952,998.3628887694044
4953,998.3628887694044
4954,998.3628887694044
4955,998.3628887694044
4956,998.3628887694044
4957,998.3628887694044
4958,998.3628887694044
4959,998.3628887694044
4960,998.3628887694044
4961,998.3628887694044
4962,998.3628887694044
4963,998.3628887694044
4964,998.3628887694044
4965,998.3628887694044
4966,998.3628887694044
4967,998.3628887694044
4968,998.3628887694044
4969,998.3628887694044
4970,998.3628887694044
4971,998.3628887694044
4972,998.3628887694044
4973,998.3628887694044
4974,998.3628887694044
4975,998.3628887694044
4976,998.3628887694044
4977,998.3628887694044
4978,998.3628887694044
4979,998.3628887694044
4980,998.3628887694044
4981,998.3628887694044
4982,998.3628887694044
4983,998.3628887694044
4984,998.3628887694044
4985,998.3628887694044
4986,998.3628887694044
4987,998.3628887694044
4988,998.3628887694044
4989,998.3628887694044
4990,998.3628887694044
4991,998.3628887694044
4992,998.3628887694044
4993,998.3628887694044
4994,998.3628887694044
4995,998.3628887694044
4996,998.3628887694044
4997,998.3628887694044
4998,998.3628887694044
4999,998.3628887694044
5000,998.3628887694044
5001,998.3628887694044
5002,998.3628887694044
5003,998.3628887694044
5004,998.3628887694044
5005,998.3628887694044
5006,998.3628887694044
5007,998.3628887694044
5008,998.3628887694044
5009,998.3628887694044
5010,998.3628887694044
5011,998.3628887694044
5012,998.3628887694044
5013,998.3628887694044
5014,998.3628887694044
5015,998.3628887694044
5016,998.3628887694044
5017,998.3628887694044
5018,998.3628887694044
5019,998.3628887694044
5020,998.3628887694044
5021,998.3628887694044
5022,998.3628887694044
5023,998.3628887694044
5024,998.3628887694044
5025,998.3628887694044
5026,998.3628887694044
5027,998.3628887694044
5028,998.3628887694044
5029,998.3628887694044
5030,998.3628887694044
5031,998.3628887694044
5032,998.3628887694044
5033,998.3628887694044
5034,998.3628887694044
5035,998.3628887694044
5036,998.3628887694044
5037,998.3628887694044
5038,998.3628887694044
5039,998.3628887694044
5040,998.3628887694044
5041,998.3628887694044
5042,998.3628887694044
5043,998.3628887694044
5044,998.3628887694044
5045,998.3628887694044
5046,998.3628887694044
5047,998.3628887694044
5048,998.3628887694044
5049,998.3628887694044
5050,998.3628887694044
5051,998.3628887694044
5052,998.3628887694044
5053,998.3628887694044
5054,998.3628887694044
5055,998.3628887694044
5056,998.3628887694044
5057,998.3628887694044
5058,998.3628887694044
5059,998.3628887694044
5060,998.3628887694044
5061,998.3628887694044
5062,998.3628887694044
5063,998.3628887694044
5064,998.3628887694044
5065,998.3628887694044
5066,998.3628887694044
5067,998.3628887694044
5068,998.3628887694044
5069,998.3628887694044
5070,998.3628887694044
5071,998.3628887694044
5072,998.3628887694044
5073,998.3628887694044
5074,998.3628887694044
5075,998.3628887694044
5076,998.3628887694044
5077,998.3628887694044
5078,998.3628887694044
5079,998.3628887694044
5080,998.3628887694044
5081,998.3628887694044
5082,998.3628887694044
5083,998.3628887694044
5084,998.3628887694044
5085,998.3628887694044
5086,998.3628887694044
5087,998.3628887694044
5088,998.3628887694044
5089,998.3628887694044
5090,998.3628887694044
5091,998.3628887694044
5092,998.3628887694044
5093,998.3628887694044
5094,998.3628887694044
5095,998.3628887694044
5096,998.3628887694044
5097,998.3628887694044
5098,998.3628887694044
5099,998.3628887694044
5100,998.3628887694044
5101,998.3628887694044
5102,998.3628887694044
5103,998.3628887694044
5104,998.3628887694044
5105,998.3628887694044
5106,998.3628887694044
5107,998.3628887694044
5108,998.3628887694044
5109,998.3628887694044
5110,998.3628887694044
5111,998.3628887694044
5112,998.3628887694044
5113,998.3628887694044
5114,998.3628887694044
5115,998.3628887694044
5116,998.3628887694044
5117,998.3628887694044
5118,998.3628887694044
5119,998.3628887694044
5120,998.3628887694044
5121,998.3628887694044
5122,998.3628887694044
5123,998.3628887694044
5124,998.3628887694044
5125,998.3628887694044
5126,998.3628887694044
5127,998.3628887694044
5128,998.3628887694044
5129,998.3628887694044
5130,998.3628887694044
5131,998.3628887694044
5132,998.3628887694044
5133,998.3628887694044
5134,998.3628887694044
5135,998.3628887694044
5136,998.3628887694044
5137,998.3628887694044
5138,998.3628887694044
5139,998.3628887694044
5140,998.3628887694044
5141,998.3628887694044
5142,998.3628887694044
5143,998.3628887694044
5144,998.3628887694044
5145,998.3628887694044
5146,998.3628887694044
5147,998.3628887694044
5148,998.3628887694044
5149,998.3628887694044
5150,998.3628887694044
5151,998.3628887694044
5152,998.3628887694044
5153,998.3628887694044
5154,998.3628887694044
5155,998.3628887694044
5156,998.3628887694044
5157,998.3628887694044
5158,998.3628887694044
5159,998.3628887694044
5160,998.3628887694044
5161,998.3628887694044
5162,998.3628887694044
5163,998.3628887694044
5164,998.3628887694044
5165,998.3628887694044
5166,998.3628887694044
5167,998.3628887694044
5168,998.3628887694044
5169,998.3628887694044
5170,998.3628887694044
5171,998.3628887694044
5172,998.3628887694044
5173,998.3628887694044
5174,998.3628887694044
5175,998.3628887694044
5176,998.3628887694044
5177,998.3628887694044
5178,998.3628887694044
5179,998.3628887694044
5180,998.3628887694044
5181,998.3628887694044
5182,998.3628887694044
5183,998.3628887694044
5184,998.3628887694044
5185,998.3628887694044
5186,998.3628887694044
5187,998.3628887694044
5188,998.3628887694044
5189,998.3628887694044
5190,998.3628887694044
5191,998.3628887694044
5192,998.3628887694044
5193,998.3628887694044
5194,998.3628887694044
5195,998.3628887694044
5196,998.3628887694044
5197,998.3628887694044
5198,998.3628887694044
5199,998.3628887694044
5200,998.3628887694044
5201,998.3628887694044
5202,998.3628887694044
5203,998.3628887694044
5204,998.3628887694044
5205,998.3628887694044
5206,998.3628887694044
5207,998.3628887694044
5208,998.3628887694044
5209,998.3628887694044
5210,998.3628887694044
5211,998.3628887694044
5212,998.3628887694044
5213,998.3628887694044
5214,998.3628887694044
5215,998.3628887694044
5216,998.3628887694044
5217,998.3628887694044
5218,998.3628887694044
5219,998.3628887694044
5220,998.3628887694044
5221,998.3628887694044
5222,998.3628887694044
5223,998.3628887694044
5224,998.3628887694044
5225,998.3628887694044
5226,998.3628887694044
5227,998.3628887694044
5228,998.3628887694044
5229,998.3628887694044
5230,998.3628887694044
5231,998.3628887694044
5232,998.3628887694044
5233,998.3628887694044
5234,998.3628887694044
5235,998.3628887694044
5236,998.3628887694044
5237,998.3628887694044
5238,998.3628887694044
5239,998.3628887694044
5240,998.3628887694044
5241,998.3628887694044
5242,998.3628887694044
5243,998.3628887694044
5244,998.3628887694044
5245,998.3628887694044
5246,998.3628887694044
5247,998.3628887694044
5248,998.3628887694044
5249,998.3628887694044
5250,998.3628887694044
5251,998.3628887694044
5252,998.3628887694044
5253,998.3628887694044
5254,998.3628887694044
5255,998.3628887694044
5256,998.3628887694044
5257,998.3628887694044
5258,998.3628887694044
5259,998.3628887694044
5260,998.3628887694044
5261,998.3628887694044
5262,998.3628887694044
5263,998.3628887694044
5264,998.3628887694044
5265,998.3628887694044
5266,998.3628887694044
5267,998.3628887694044
5268,998.3628887694044
5269,998.3628887694044
5270,998.3628887694044
5271,998.3628887694044
5272,998.3628887694044
5273,998.3628887694044
5274,998.3628887694044
5275,998.3628887694044
5276,998.3628887694044
5277,998.3628887694044
5278,998.3628887694044
5279,998.3628887694044
5280,998.3628887694044
5281,998.3628887694044
5282,998.3628887694044
5283,998.3628887694044
5284,998.3628887694044
5285,998.3628887694044
5286,998.3628887694044
5287,998.3628887694044
5288,998.3628887694044
5289,998.3628887694044
5290,998.3628887694044
5291,998.3628887694044
5292,998.3628887694044
5293,998.3628887694044
5294,998.3628887694044
5295,998.3628887694044
5296,998.3628887694044
5297,998.3628887694044
5298,998.3628887694044
5299,998.3628887694044
5300,998.3628887694044
5301,998.3628887694044
5302,998.3628887694044
5303,998.3628887694044
5304,998.3628887694044
5305,998.3628887694044
5306,998.3628887694044
5307,998.3628887694044
5308,998.3628887694044
5309,998.3628887694044
5310,998.3628887694044
5311,998.3628887694044
5312,998.3628887694044
5313,998.3628887694044
5314,998.3628887694044
5315,998.3628887694044
5316,998.3628887694044
5317,998.3628887694044
5318,998.3628887694044
5319,998.3628887694044
5320,998.3628887694044
5321,998.3628887694044
5322,998.3628887694044
5323,998.3628887694044
5324,998.3628887694044
5325,998.3628887694044
5326,998.3628887694044
5327,998.3628887694044
5328,998.3628887694044
5329,998.3628887694044
5330,998.3628887694044
5331,998.3628887694044
5332,998.3628887694044
5333,998.3628887694044
5334,998.3628887694044
5335,998.3628887694044
5336,998.3628887694044
5337,998.3628887694044
5338,998.3628887694044
5339,998.3628887694044
5340,998.3628887694044
5341,998.3628887694044
5342,998.3628887694044
5343,998.3628887694044
5344,998.3628887694044
5345,998.3628887694044
5346,998.3628887694044
5347,998.3628887694044
5348,998.3628887694044
5349,998.3628887694044
5350,998.3628887694044
5351,998.3628887694044
5352,998.3628887694044
5353,998.3628887694044
5354,998.3628887694044
5355,998.3628887694044
5356,998.3628887694044
5357,998.3628887694044
5358,998.3628887694044
5359,998.3628887694044
5360,998.3628887694044
5361,998.3628887694044
5362,998.3628887694044
5363,998.3628887694044
5364,998.3628887694044
5365,998.3628887694044
5366,998.3628887694044
5367,998.3628887694044
5368,998.3628887694044
5369,998.3628887694044
5370,998.3628887694044
5371,998.3628887694044
5372,998.3628887694044
5373,998.3628887694044
5374,998.3628887694044
5375,998.3628887694044
5376,998.3628887694044
5377,998.3628887694044
5378,998.3628887694044
5379,998.3628887694044
5380,998.3628887694044
5381,998.3628887694044
5382,998.3628887694044
5383,998.3628887694044
5384,998.3628887694044
5385,998.3628887694044
5386,998.3628887694044
5387,998.3628887694044
5388,998.3628887694044
5389,998.3628887694044
5390,998.3628887694044
5391,998.3628887694044
5392,998.3628887694044
5393,998.3628887694044
5394,998.3628887694044
5395,998.3628887694044
5396,998.3628887694044
5397,998.3628887694044
5398,998.3628887694044
5399,998.3628887694044
5400,998.3628887694044
5401,998.3628887694044
5402,998.3628887694044
5403,998.3628887694044
5404,998.3628887694044
5405,998.3628887694044
5406,998.3628887694044
5407,998.3628887694044
5408,998.3628887694044
5409,998.3628887694044
5410,998.3628887694044
5411,998.3628887694044
5412,998.3628887694044
5413,998.3628887694044
5414,998.3628887694044
5415,998.3628887694044
5416,998.3628887694044
5417,998.3628887694044
5418,998.3628887694044
5419,998.3628887694044
5420,998.3628887694044
5421,998.3628887694044
5422,998.3628887694044
5423,998.3628887694044
5424,998.3628887694044
5425,998.3628887694044
5426,998.3628887694044
5427,998.3628887694044
5428,998.3628887694044
5429,998.3628887694044
5430,998.3628887694044
5431,998.3628887694044
5432,998.3628887694044
5433,998.3628887694044
5434,998.3628887694044
5435,998.3628887694044
5436,998.3628887694044
5437,998.3628887694044
5438,998.3628887694044
5439,998.3628887694044
5440,998.3628887694044
5441,998.3628887694044
5442,998.3628887694044
5443,998.3628887694044
5444,998.3628887694044
5445,998.3628887694044
5446,998.3628887694044
5447,998.3628887694044
5448,998.3628887694044
5449,998.3628887694044
5450,998.3628887694044
5451,998.3628887694044
5452,998.3628887694044
5453,998.3628887694044
5454,998.3628887694044
5455,998.3628887694044
5456,998.3628887694044
5457,998.3628887694044
5458,998.3628887694044
5459,998.3628887694044
5460,998.3628887694044
5461,998.3628887694044
5462,998.3628887694044
5463,998.3628887694044
5464,998.3628887694044
5465,998.3628887694044
5466,998.3628887694044
5467,998.3628887694044
5468,998.3628887694044
5469,998.3628887694044
5470,998.3628887694044
5471,998.3628887694044
5472,998.3628887694044
5473,998.3628887694044
5474,998.3628887694044
5475,998.3628887694044
5476,998.3628887694044
5477,998.3628887694044
5478,998.3628887694044
5479,998.3628887694044
5480,998.3628887694044
5481,998.3628887694044
5482,998.3628887694044
5483,998.3628887694044
5484,998.3628887694044
5485,998.3628887694044
5486,998.3628887694044
5487,998.3628887694044
5488,998.3628887694044
5489,998.3628887694044
5490,998.3628887694044
5491,998.3628887694044
5492,998.3628887694044
5493,998.3628887694044
5494,998.3628887694044
5495,998.3628887694044
5496,998.3628887694044
5497,998.3628887694044
5498,998.3628887694044
5499,998.3628887694044
5500,998.3628887694044
5501,998.3628887694044
5502,998.3628887694044
5503,998.3628887694044
5504,998.3628887694044
5505,998.3628887694044
5506,998.3628887694044
5507,998.3628887694044
5508,998.3628887694044
5509,998.3628887694044
5510,998.3628887694044
5511,998.3628887694044
5512,998.3628887694044
5513,998.3628887694044
5514,998.3628887694044
5515,998.3628887694044
5516,998.3628887694044
5517,998.3628887694044
5518,998.3628887694044
5519,998.3628887694044
5520,998.3628887694044
5521,998.3628887694044
5522,998.3628887694044
5523,998.3628887694044
5524,998.3628887694044
5525,998.3628887694044
5526,998.3628887694044
5527,998.3628887694044
5528,998.3628887694044
5529,998.3628887694044
5530,998.3628887694044
5531,998.3628887694044
5532,998.3628887694044
5533,998.3628887694044
5534,998.3628887694044
5535,998.3628887694044
5536,998.3628887694044
5537,998.3628887694044
5538,998.3628887694044
5539,998.3628887694044
5540,998.3628887694044
5541,998.3628887694044
5542,998.3628887694044
5543,998.3628887694044
5544,998.3628887694044
5545,998.3628887694044
5546,998.3628887694044
5547,998.3628887694044
5548,998.3628887694044
5549,998.3628887694044
5550,998.3628887694044
5551,998.3628887694044
5552,998.3628887694044
5553,998.3628887694044
5554,998.3628887694044
5555,998.3628887694044
5556,998.3628887694044
5557,998.3628887694044
5558,998.3628887694044
5559,998.3628887694044
5560,998.3628887694044
5561,998.3628887694044
5562,998.3628887694044
5563,998.3628887694044
5564,998.3628887694044
5565,998.3628887694044
5566,998.3628887694044
5567,998.3628887694044
5568,998.3628887694044
5569,998.3628887694044
5570,998.3628887694044
5571,998.3628887694044
5572,998.3628887694044
5573,998.3628887694044
5574,998.3628887694044
5575,998.3628887694044
5576,998.3628887694044
5577,998.3628887694044
5578,998.3628887694044
5579,998.3628887694044
5580,998.3628887694044
5581,998.3628887694044
5582,998.3628887694044
5583,998.3628887694044
5584,998.3628887694044
5585,998.3628887694044
5586,998.3628887694044
5587,998.3628887694044
5588,998.3628887694044
5589,998.3628887694044
5590,998.3628887694044
5591,998.3628887694044
5592,998.3628887694044
5593,998.3628887694044
5594,998.3628887694044
5595,998.3628887694044
5596,998.3628887694044
5597,998.3628887694044
5598,998.3628887694044
5599,998.3628887694044
5600,998.3628887694044
5601,998.3628887694044
5602,998.3628887694044
5603,998.3628887694044
5604,998.3628887694044
5605,998.3628887694044
5606,998.3628887694044
5607,998.3628887694044
5608,998.3628887694044
5609,998.3628887694044
5610,998.3628887694044
5611,998.3628887694044
5612,998.3628887694044
5613,998.3628887694044
5614,998.3628887694044
5615,998.3628887694044
5616,998.3628887694044
5617,998.3628887694044
5618,998.3628887694044
5619,998.3628887694044
5620,998.3628887694044
5621,998.3628887694044
5622,998.3628887694044
5623,998.3628887694044
5624,998.3628887694044
5625,998.3628887694044
5626,998.3628887694044
5627,998.3628887694044
5628,998.3628887694044
5629,998.3628887694044
5630,998.3628887694044
5631,998.3628887694044
5632,998.3628887694044
5633,998.3628887694044
5634,998.3628887694044
5635,998.3628887694044
5636,998.3628887694044
5637,998.3628887694044
5638,998.3628887694044
5639,998.3628887694044
5640,998.3628887694044
5641,998.3628887694044
5642,998.3628887694044
5643,998.3628887694044
5644,998.3628887694044
5645,998.3628887694044
5646,998.3628887694044
5647,998.3628887694044
5648,998.3628887694044
5649,998.3628887694044
5650,998.3628887694044
5651,998.3628887694044
5652,998.3628887694044
5653,998.3628887694044
5654,998.3628887694044
5655,998.3628887694044
5656,998.3628887694044
5657,998.3628887694044
5658,998.3628887694044
5659,998.3628887694044
5660,998.3628887694044
5661,998.3628887694044
5662,998.3628887694044
5663,998.3628887694044
5664,998.3628887694044
5665,998.3628887694044
5666,998.3628887694044
5667,998.3628887694044
5668,998.3628887694044
5669,998.3628887694044
5670,998.3628887694044
5671,998.3628887694044
5672,998.3628887694044
5673,998.3628887694044
5674,998.3628887694044
5675,998.3628887694044
5676,998.3628887694044
5677,998.3628887694044
5678,998.3628887694044
5679,998.3628887694044
5680,998.3628887694044
5681,998.3628887694044
5682,998.3628887694044
5683,998.3628887694044
5684,998.3628887694044
5685,998.3628887694044
5686,998.3628887694044
5687,998.3628887694044
5688,998.3628887694044
5689,998.3628887694044
5690,998.3628887694044
5691,998.3628887694044
5692,998.3628887694044
5693,998.3628887694044
5694,998.3628887694044
5695,998.3628887694044
5696,998.3628887694044
5697,998.3628887694044
5698,998.3628887694044
5699,998.3628887694044
5700,998.3628887694044
5701,998.3628887694044
5702,998.3628887694044
5703,998.3628887694044
5704,998.3628887694044
5705,998.3628887694044
5706,998.3628887694044
5707,998.3628887694044
5708,998.3628887694044
5709,998.3628887694044
5710,998.3628887694044
5711,998.3628887694044
5712,998.3628887694044
5713,998.3628887694044
5714,998.3628887694044
5715,998.3628887694044
5716,998.3628887694044
5717,998.3628887694044
5718,998.3628887694044
5719,998.3628887694044
5720,998.3628887694044
5721,998.3628887694044
5722,998.3628887694044
5723,998.3628887694044
5724,998.3628887694044
5725,998.3628887694044
5726,998.3628887694044
5727,998.3628887694044
5728,998.3628887694044
5729,998.3628887694044
5730,998.3628887694044
5731,998.3628887694044
5732,998.3628887694044
5733,998.3628887694044
5734,998.3628887694044
5735,998.3628887694044
5736,998.3628887694044
5737,998.3628887694044
5738,998.3628887694044
5739,998.3628887694044
5740,998.3628887694044
5741,998.3628887694044
5742,998.3628887694044
5743,998.3628887694044
5744,998.3628887694044
5745,998.3628887694044
5746,998.3628887694044
5747,998.3628887694044
5748,998.3628887694044
5749,998.3628887694044
5750,998.3628887694044
5751,998.3628887694044
5752,998.3628887694044
5753,998.3628887694044
5754,998.3628887694044
5755,998.3628887694044
5756,998.3628887694044
5757,998.3628887694044
5758,998.3628887694044
5759,998.3628887694044
5760,998.3628887694044
5761,998.3628887694044
5762,998.3628887694044
5763,998.3628887694044
5764,998.3628887694044
5765,998.3628887694044
5766,998.3628887694044
5767,998.3628887694044
5768,998.3628887694044
5769,998.3628887694044
5770,998.3628887694044
5771,998.3628887694044
5772,998.3628887694044
5773,998.3628887694044
5774,998.3628887694044
5775,998.3628887694044
5776,998.3628887694044
5777,998.3628887694044
5778,998.3628887694044
5779,998.3628887694044
5780,998.3628887694044
5781,998.3628887694044
5782,998.3628887694044
5783,998.3628887694044
5784,998.3628887694044
5785,998.3628887694044
5786,998.3628887694044
5787,998.3628887694044
5788,998.3628887694044
5789,998.3628887694044
5790,998.3628887694044
5791,998.3628887694044
5792,998.3628887694044
5793,998.3628887694044
5794,998.3628887694044
5795,998.3628887694044
5796,998.3628887694044
5797,998.3628887694044
5798,998.3628887694044
5799,998.3628887694044
5800,998.3628887694044
5801,998.3628887694044
5802,998.3628887694044
5803,998.3628887694044
5804,998.3628887694044
5805,998.3628887694044
5806,998.3628887694044
5807,998.3628887694044
5808,998.3628887694044
5809,998.3628887694044
5810,998.3628887694044
5811,998.3628887694044
5812,998.3628887694044
5813,998.3628887694044
5814,998.3628887694044
5815,998.3628887694044
5816,998.3628887694044
5817,998.3628887694044
5818,998.3628887694044
5819,998.3628887694044
5820,998.3628887694044
5821,998.3628887694044
5822,998.3628887694044
5823,998.3628887694044
5824,998.3628887694044
5825,998.3628887694044
5826,998.3628887694044
5827,998.3628887694044
5828,998.3628887694044
5829,998.3628887694044
5830,998.3628887694044
5831,998.3628887694044
5832,998.3628887694044
5833,998.3628887694044
5834,998.3628887694044
5835,998.3628887694044
5836,998.3628887694044
5837,998.3628887694044
5838,998.3628887694044
5839,998.3628887694044
5840,998.3628887694044
5841,998.3628887694044
5842,998.3628887694044
5843,998.3628887694044
5844,998.3628887694044
5845,998.3628887694044
5846,998.3628887694044
5847,998.3628887694044
5848,998.3628887694044
5849,998.3628887694044
5850,998.3628887694044
5851,998.3628887694044
5852,998.3628887694044
5853,998.3628887694044
5854,998.3628887694044
5855,998.3628887694044
5856,998.3628887694044
5857,998.3628887694044
5858,998.3628887694044
5859,998.3628887694044
5860,998.3628887694044
5861,998.3628887694044
5862,998.3628887694044
5863,998.3628887694044
5864,998.3628887694044
5865,998.3628887694044
5866,998.3628887694044
5867,998.3628887694044
5868,998.3628887694044
5869,998.3628887694044
5870,998.3628887694044
5871,998.3628887694044
5872,998.3628887694044
5873,998.3628887694044
5874,998.3628887694044
5875,998.3628887694044
5876,998.3628887694044
5877,998.3628887694044
5878,998.3628887694044
5879,998.3628887694044
5880,998.3628887694044
5881,998.3628887694044
5882,998.3628887694044
5883,998.3628887694044
5884,998.3628887694044
5885,998.3628887694044
5886,998.3628887694044
5887,998.3628887694044
5888,998.3628887694044
5889,998.3628887694044
5890,998.3628887694044
5891,998.3628887694044
5892,998.3628887694044
5893,998.3628887694044
5894,998.3628887694044
5895,998.3628887694044
5896,998.3628887694044
5897,998.3628887694044
5898,998.3628887694044
5899,998.3628887694044
5900,998.3628887694044
5901,998.3628887694044
5902,998.3628887694044
5903,998.3628887694044
5904,998.3628887694044
5905,998.3628887694044
5906,998.3628887694044
5907,998.3628887694044
5908,998.3628887694044
5909,998.3628887694044
5910,998.3628887694044
5911,998.3628887694044
5912,998.3628887694044
5913,998.3628887694044
5914,998.3628887694044
5915,998.3628887694044
5916,998.3628887694044
5917,998.3628887694044
5918,998.3628887694044
5919,998.3628887694044
5920,998.3628887694044
5921,998.3628887694044
5922,998.3628887694044
5923,998.3628887694044
5924,998.3628887694044
5925,998.3628887694044
5926,998.3628887694044
5927,998.3628887694044
5928,998.3628887694044
5929,998.3628887694044
5930,998.3628887694044
5931,998.3628887694044
5932,998.3628887694044
5933,998.3628887694044
5934,998.3628887694044
5935,998.3628887694044
5936,998.3628887694044
5937,998.3628887694044
5938,998.3628887694044
5939,998.3628887694044
5940,998.3628887694044
5941,998.3628887694044
5942,998.3628887694044
5943,998.3628887694044
5944,998.3628887694044
5945,998.3628887694044
5946,998.3628887694044
5947,998.3628887694044
5948,998.3628887694044
5949,998.3628887694044
5950,998.3628887694044
5951,998.3628887694044
5952,998.3628887694044
5953,998.3628887694044
5954,998.3628887694044
5955,998.3628887694044
5956,998.3628887694044
5957,998.3628887694044
5958,998.3628887694044
5959,998.3628887694044
5960,998.3628887694044
5961,998.3628887694044
5962,998.3628887694044
5963,998.3628887694044
5964,998.3628887694044
5965,998.3628887694044
5966,998.3628887694044
5967,998.3628887694044
5968,998.3628887694044
5969,998.3628887694044
5970,998.3628887694044
5971,998.3628887694044
5972,998.3628887694044
5973,998.3628887694044
5974,998.3628887694044
5975,998.3628887694044
5976,998.3628887694044
5977,998.3628887694044
5978,998.3628887694044
5979,998.3628887694044
5980,998.3628887694044
5981,998.3628887694044
5982,998.3628887694044
5983,998.3628887694044
5984,998.3628887694044
5985,998.3628887694044
5986,998.3628887694044
5987,998.3628887694044
5988,998.3628887694044
5989,998.3628887694044
5990,998.3628887694044
5991,998.3628887694044
5992,998.3628887694044
5993,998.3628887694044
5994,998.3628887694044
5995,998.3628887694044
5996,998.3628887694044
5997,998.3628887694044
5998,998.3628887694044
5999,998.3628887694044
6000,998.3628887694044
6001,998.3628887694044
6002,998.3628887694044
6003,998.3628887694044
6004,998.3628887694044
6005,998.3628887694044
6006,998.3628887694044
6007,998.3628887694044
6008,998.3628887694044
6009,998.3628887694044
6010,998.3628887694044
6011,998.3628887694044
6012,998.3628887694044
6013,998.3628887694044
6014,998.3628887694044
6015,998.3628887694044
6016,998.3628887694044
6017,998.3628887694044
6018,998.3628887694044
6019,998.3628887694044
6020,998.3628887694044
6021,998.3628887694044
6022,998.3628887694044
6023,998.3628887694044
6024,998.3628887694044
6025,998.3628887694044
6026,998.3628887694044
6027,998.3628887694044
6028,998.3628887694044
6029,998.3628887694044
6030,998.3628887694044
6031,998.3628887694044
6032,998.3628887694044
6033,998.3628887694044
6034,998.3628887694044
6035,998.3628887694044
6036,998.3628887694044
6037,998.3628887694044
6038,998.3628887694044
6039,998.3628887694044
6040,998.3628887694044
6041,998.3628887694044
6042,998.3628887694044
6043,998.3628887694044
6044,998.3628887694044
6045,998.3628887694044
6046,998.3628887694044
6047,998.3628887694044
6048,998.3628887694044
6049,998.3628887694044
6050,998.3628887694044
6051,998.3628887694044
6052,998.3628887694044
6053,998.3628887694044
6054,998.3628887694044
6055,998.3628887694044
6056,998.3628887694044
6057,998.3628887694044
6058,998.3628887694044
6059,998.3628887694044
6060,998.3628887694044
6061,998.3628887694044
6062,998.3628887694044
6063,998.3628887694044
6064,998.3628887694044
6065,998.3628887694044
6066,998.3628887694044
6067,998.3628887694044
6068,998.3628887694044
6069,998.3628887694044
6070,998.3628887694044
6071,998.3628887694044
6072,998.3628887694044
6073,998.3628887694044
6074,998.3628887694044
6075,998.3628887694044
6076,998.3628887694044
6077,998.3628887694044
6078,998.3628887694044
6079,998.3628887694044
6080,998.3628887694044
6081,998.3628887694044
6082,998.3628887694044
6083,998.3628887694044
6084,998.3628887694044
6085,998.3628887694044
6086,998.3628887694044
6087,998.3628887694044
6088,998.3628887694044
6089,998.3628887694044
6090,998.3628887694044
6091,998.3628887694044
6092,998.3628887694044
6093,998.3628887694044
6094,998.3628887694044
6095,998.3628887694044
6096,998.3628887694044
6097,998.3628887694044
6098,998.3628887694044
6099,998.3628887694044
6100,998.3628887694044
6101,998.3628887694044
6102,998.3628887694044
6103,998.3628887694044
6104,998.3628887694044
6105,998.3628887694044
6106,998.3628887694044
6107,998.3628887694044
6108,998.3628887694044
6109,998.3628887694044
6110,998.3628887694044
6111,998.3628887694044
6112,998.3628887694044
6113,998.3628887694044
6114,998.3628887694044
6115,998.3628887694044
6116,998.3628887694044
6117,998.3628887694044
6118,998.3628887694044
6119,998.3628887694044
6120,998.3628887694044
6121,998.3628887694044
6122,998.3628887694044
6123,998.3628887694044
6124,998.3628887694044
6125,998.3628887694044
6126,998.3628887694044
6127,998.3628887694044
6128,998.3628887694044
6129,998.3628887694044
6130,998.3628887694044
6131,998.3628887694044
6132,998.3628887694044
6133,998.3628887694044
6134,998.3628887694044
6135,998.3628887694044
6136,998.3628887694044
6137,998.3628887694044
6138,998.3628887694044
6139,998.3628887694044
6140,998.3628887694044
6141,998.3628887694044
6142,998.3628887694044
6143,998.3628887694044
6144,998.3628887694044
6145,998.3628887694044
6146,998.3628887694044
6147,998.3628887694044
6148,998.3628887694044
6149,998.3628887694044
6150,998.3628887694044
6151,998.3628887694044
6152,998.3628887694044
6153,998.3628887694044
6154,998.3628887694044
6155,998.3628887694044
6156,998.3628887694044
6157,998.3628887694044
6158,998.3628887694044
6159,998.3628887694044
6160,998.3628887694044
6161,998.3628887694044
6162,998.3628887694044
6163,998.3628887694044
6164,998.3628887694044
6165,998.3628887694044
6166,998.3628887694044
6167,998.3628887694044
6168,998.3628887694044
6169,998.3628887694044
6170,998.3628887694044
6171,998.3628887694044
6172,998.3628887694044
6173,998.3628887694044
6174,998.3628887694044
6175,998.3628887694044
6176,998.3628887694044
6177,998.3628887694044
6178,998.3628887694044
6179,998.3628887694044
6180,998.3628887694044
6181,998.3628887694044
6182,998.3628887694044
6183,998.3628887694044
6184,998.3628887694044
6185,998.3628887694044
6186,998.3628887694044
6187,998.3628887694044
6188,998.3628887694044
6189,998.3628887694044
6190,998.3628887694044
6191,998.3628887694044
6192,998.3628887694044
6193,998.3628887694044
6194,998.3628887694044
6195,998.3628887694044
6196,998.3628887694044
6197,998.3628887694044
6198,998.3628887694044
6199,998.3628887694044
6200,998.3628887694044
6201,998.3628887694044
6202,998.3628887694044
6203,998.3628887694044
6204,998.3628887694044
6205,998.3628887694044
6206,998.3628887694044
6207,998.3628887694044
6208,998.3628887694044
6209,998.3628887694044
6210,998.3628887694044
6211,998.3628887694044
6212,998.3628887694044
6213,998.3628887694044
6214,998.3628887694044
6215,998.3628887694044
6216,998.3628887694044
6217,998.3628887694044
6218,998.3628887694044
6219,998.3628887694044
6220,998.3628887694044
6221,998.3628887694044
6222,998.3628887694044
6223,998.3628887694044
6224,998.3628887694044
6225,998.3628887694044
6226,998.3628887694044
6227,998.3628887694044
6228,998.3628887694044
6229,998.3628887694044
6230,998.3628887694044
6231,998.3628887694044
6232,998.3628887694044
6233,998.3628887694044
6234,998.3628887694044
6235,998.3628887694044
6236,998.3628887694044
6237,998.3628887694044
6238,998.3628887694044
6239,998.3628887694044
6240,998.3628887694044
6241,998.3628887694044
6242,998.3628887694044
6243,998.3628887694044
6244,998.3628887694044
6245,998.3628887694044
6246,998.3628887694044
6247,998.3628887694044
6248,998.3628887694044
6249,998.3628887694044
6250,998.3628887694044
6251,998.3628887694044
6252,998.3628887694044
6253,998.3628887694044
6254,998.3628887694044
6255,998.3628887694044
6256,998.3628887694044
6257,998.3628887694044
6258,998.3628887694044
6259,998.3628887694044
6260,998.3628887694044
6261,998.3628887694044
6262,998.3628887694044
6263,998.3628887694044
6264,998.3628887694044
6265,998.3628887694044
6266,998.3628887694044
6267,998.3628887694044
6268,998.3628887694044
6269,998.3628887694044
6270,998.3628887694044
6271,998.3628887694044
6272,998.3628887694044
6273,998.3628887694044
6274,998.3628887694044
6275,998.3628887694044
6276,998.3628887694044
6277,998.3628887694044
6278,998.3628887694044
6279,998.3628887694044
6280,998.3628887694044
6281,998.3628887694044
6282,998.3628887694044
6283,998.3628887694044
6284,998.3628887694044
6285,998.3628887694044
6286,998.3628887694044
6287,998.3628887694044
6288,998.3628887694044
6289,998.3628887694044
6290,998.3628887694044
6291,998.3628887694044
6292,998.3628887694044
6293,998.3628887694044
6294,998.3628887694044
6295,998.3628887694044
6296,998.3628887694044
6297,998.3628887694044
6298,998.3628887694044
6299,998.3628887694044
6300,998.3628887694044
6301,998.3628887694044
6302,998.3628887694044
6303,998.3628887694044
6304,998.3628887694044
6305,998.3628887694044
6306,998.3628887694044
6307,998.3628887694044
6308,998.3628887694044
6309,998.3628887694044
6310,998.3628887694044
6311,998.3628887694044
6312,998.3628887694044
6313,998.3628887694044
6314,998.3628887694044
6315,998.3628887694044
6316,998.3628887694044
6317,998.3628887694044
6318,998.3628887694044
6319,998.3628887694044
6320,998.3628887694044
6321,998.3628887694044
6322,998.3628887694044
6323,998.3628887694044
6324,998.3628887694044
6325,998.3628887694044
6326,998.3628887694044
6327,998.3628887694044
6328,998.3628887694044
6329,998.3628887694044
6330,998.3628887694044
6331,998.3628887694044
6332,998.3628887694044
6333,998.3628887694044
6334,998.3628887694044
6335,998.3628887694044
6336,998.3628887694044
6337,998.3628887694044
6338,998.3628887694044
6339,998.3628887694044
6340,998.3628887694044
6341,998.3628887694044
6342,998.3628887694044
6343,998.3628887694044
6344,998.3628887694044
6345,998.3628887694044
6346,998.3628887694044
6347,998.3628887694044
6348,998.3628887694044
6349,998.3628887694044
6350,998.3628887694044
6351,998.3628887694044
6352,998.3628887694044
6353,998.3628887694044
6354,998.3628887694044
6355,998.3628887694044
6356,998.3628887694044
6357,998.3628887694044
6358,998.3628887694044
6359,998.3628887694044
6360,998.3628887694044
6361,998.3628887694044
6362,998.3628887694044
6363,998.3628887694044
6364,998.3628887694044
6365,998.3628887694044
6366,998.3628887694044
6367,998.3628887694044
6368,998.3628887694044
6369,998.3628887694044
6370,998.3628887694044
6371,998.3628887694044
6372,998.3628887694044
6373,998.3628887694044
6374,998.3628887694044
6375,998.3628887694044
6376,998.3628887694044
6377,998.3628887694044
6378,998.3628887694044
6379,998.3628887694044
6380,998.3628887694044
6381,998.3628887694044
6382,998.3628887694044
6383,998.3628887694044
6384,998.3628887694044
6385,998.3628887694044
6386,998.3628887694044
6387,998.3628887694044
6388,998.3628887694044
6389,998.3628887694044
6390,998.3628887694044
6391,998.3628887694044
6392,998.3628887694044
6393,998.3628887694044
6394,998.3628887694044
6395,998.3628887694044
6396,998.3628887694044
6397,998.3628887694044
6398,998.3628887694044
6399,998.3628887694044
6400,998.3628887694044
6401,998.3628887694044
6402,998.3628887694044
6403,998.3628887694044
6404,998.3628887694044
6405,998.3628887694044
6406,998.3628887694044
6407,998.3628887694044
6408,998.3628887694044
6409,998.3628887694044
6410,998.3628887694044
6411,998.3628887694044
6412,998.3628887694044
6413,998.3628887694044
6414,998.3628887694044
6415,998.3628887694044
6416,998.3628887694044
6417,998.3628887694044
6418,998.3628887694044
6419,998.3628887694044
6420,998.3628887694044
6421,998.3628887694044
6422,998.3628887694044
6423,998.3628887694044
6424,998.3628887694044
6425,998.3628887694044
6426,998.3628887694044
6427,998.3628887694044
6428,998.3628887694044
6429,998.3628887694044
6430,998.3628887694044
6431,998.3628887694044
6432,998.3628887694044
6433,998.3628887694044
6434,998.3628887694044
6435,998.3628887694044
6436,998.3628887694044
6437,998.3628887694044
6438,998.3628887694044
6439,998.3628887694044
6440,998.3628887694044
6441,998.3628887694044
6442,998.3628887694044
6443,998.3628887694044
6444,998.3628887694044
6445,998.3628887694044
6446,998.3628887694044
6447,998.3628887694044
6448,998.3628887694044
6449,998.3628887694044
6450,998.3628887694044
6451,998.3628887694044
6452,998.3628887694044
6453,998.3628887694044
6454,998.3628887694044
6455,998.3628887694044
6456,998.3628887694044
6457,998.3628887694044
6458,998.3628887694044
6459,998.3628887694044
6460,998.3628887694044
6461,998.3628887694044
6462,998.3628887694044
6463,998.3628887694044
6464,998.3628887694044
6465,998.3628887694044
6466,998.3628887694044
6467,998.3628887694044
6468,998.3628887694044
6469,998.3628887694044
6470,998.3628887694044
6471,998.3628887694044
6472,998.3628887694044
6473,998.3628887694044
6474,998.3628887694044
6475,998.3628887694044
6476,998.3628887694044
6477,998.3628887694044
6478,998.3628887694044
6479,998.3628887694044
6480,998.3628887694044
6481,998.3628887694044
6482,998.3628887694044
6483,998.3628887694044
6484,998.3628887694044
6485,998.3628887694044
6486,998.3628887694044
6487,998.3628887694044
6488,998.3628887694044
6489,998.3628887694044
6490,998.3628887694044
6491,998.3628887694044
6492,998.3628887694044
6493,998.3628887694044
6494,998.3628887694044
6495,998.3628887694044
6496,998.3628887694044
6497,998.3628887694044
6498,998.3628887694044
6499,998.3628887694044
6500,998.3628887694044
6501,998.3628887694044
6502,998.3628887694044
6503,998.3628887694044
6504,998.3628887694044
6505,998.3628887694044
6506,998.3628887694044
6507,998.3628887694044
6508,998.3628887694044
6509,998.3628887694044
6510,998.3628887694044
6511,998.3628887694044
6512,998.3628887694044
6513,998.3628887694044
6514,998.3628887694044
6515,998.3628887694044
6516,998.3628887694044
6517,998.3628887694044
6518,998.3628887694044
6519,998.3628887694044
6520,998.3628887694044
6521,998.3628887694044
6522,998.3628887694044
6523,998.3628887694044
6524,998.3628887694044
6525,998.3628887694044
6526,998.3628887694044
6527,998.3628887694044
6528,998.3628887694044
6529,998.3628887694044
6530,998.3628887694044
6531,998.3628887694044
6532,998.3628887694044
6533,998.3628887694044
6534,998.3628887694044
6535,998.3628887694044
6536,998.3628887694044
6537,998.3628887694044
6538,998.3628887694044
6539,998.3628887694044
6540,998.3628887694044
6541,998.3628887694044
6542,998.3628887694044
6543,998.3628887694044
6544,998.3628887694044
6545,998.3628887694044
6546,998.3628887694044
6547,998.3628887694044
6548,998.3628887694044
6549,998.3628887694044
6550,998.3628887694044
6551,998.3628887694044
6552,998.3628887694044
6553,998.3628887694044
6554,998.3628887694044
6555,998.3628887694044
6556,998.3628887694044
6557,998.3628887694044
6558,998.3628887694044
6559,998.3628887694044
6560,998.3628887694044
6561,998.3628887694044
6562,998.3628887694044
6563,998.3628887694044
6564,998.3628887694044
6565,998.3628887694044
6566,998.3628887694044
6567,998.3628887694044
6568,998.3628887694044
6569,998.3628887694044
6570,998.3628887694044
6571,998.3628887694044
6572,998.3628887694044
6573,998.3628887694044
6574,998.3628887694044
6575,998.3628887694044
6576,998.3628887694044
6577,998.3628887694044
6578,998.3628887694044
6579,998.3628887694044
6580,998.3628887694044
6581,998.3628887694044
6582,998.3628887694044
6583,998.3628887694044
6584,998.3628887694044
6585,998.3628887694044
6586,998.3628887694044
6587,998.3628887694044
6588,998.3628887694044
6589,998.3628887694044
6590,998.3628887694044
6591,998.3628887694044
6592,998.3628887694044
6593,998.3628887694044
6594,998.3628887694044
6595,998.3628887694044
6596,998.3628887694044
6597,998.3628887694044
6598,998.3628887694044
6599,998.3628887694044
6600,998.3628887694044
6601,998.3628887694044
6602,998.3628887694044
6603,998.3628887694044
6604,998.3628887694044
6605,998.3628887694044
6606,998.3628887694044
6607,998.3628887694044
6608,998.3628887694044
6609,998.3628887694044
6610,998.3628887694044
6611,998.3628887694044
6612,998.3628887694044
6613,998.3628887694044
6614,998.3628887694044
6615,998.3628887694044
6616,998.3628887694044
6617,998.3628887694044
6618,998.3628887694044
6619,998.3628887694044
6620,998.3628887694044
6621,998.3628887694044
6622,998.3628887694044
6623,998.3628887694044
6624,998.3628887694044
6625,998.3628887694044
6626,998.3628887694044
6627,998.3628887694044
6628,998.3628887694044
6629,998.3628887694044
6630,998.3628887694044
6631,998.3628887694044
6632,998.3628887694044
6633,998.3628887694044
6634,998.3628887694044
6635,998.3628887694044
6636,998.3628887694044
6637,998.3628887694044
6638,998.3628887694044
6639,998.3628887694044
6640,998.3628887694044
6641,998.3628887694044
6642,998.3628887694044
6643,998.3628887694044
6644,998.3628887694044
6645,998.3628887694044
6646,998.3628887694044
6647,998.3628887694044
6648,998.3628887694044
6649,998.3628887694044
6650,998.3628887694044
6651,998.3628887694044
6652,998.3628887694044
6653,998.3628887694044
6654,998.3628887694044
6655,998.3628887694044
6656,998.3628887694044
6657,998.3628887694044
6658,998.3628887694044
6659,998.3628887694044
6660,998.3628887694044
6661,998.3628887694044
6662,998.3628887694044
6663,998.3628887694044
6664,998.3628887694044
6665,998.3628887694044
6666,998.3628887694044
6667,998.3628887694044
6668,998.3628887694044
6669,998.3628887694044
6670,998.3628887694044
6671,998.3628887694044
6672,998.3628887694044
6673,998.3628887694044
6674,998.3628887694044
6675,998.3628887694044
6676,998.3628887694044
6677,998.3628887694044
6678,998.3628887694044
6679,998.3628887694044
6680,998.3628887694044
6681,998.3628887694044
6682,998.3628887694044
6683,998.3628887694044
6684,998.3628887694044
6685,998.3628887694044
6686,998.3628887694044
6687,998.3628887694044
6688,998.3628887694044
6689,998.3628887694044
6690,998.3628887694044
6691,998.3628887694044
6692,998.3628887694044
6693,998.3628887694044
6694,998.3628887694044
6695,998.3628887694044
6696,998.3628887694044
6697,998.3628887694044
6698,998.3628887694044
6699,998.3628887694044
6700,998.3628887694044
6701,998.3628887694044
6702,998.3628887694044
6703,998.3628887694044
6704,998.3628887694044
6705,998.3628887694044
6706,998.3628887694044
6707,998.3628887694044
6708,998.3628887694044
6709,998.3628887694044
6710,998.3628887694044
6711,998.3628887694044
6712,998.3628887694044
6713,998.3628887694044
6714,998.3628887694044
6715,998.3628887694044
6716,998.3628887694044
6717,998.3628887694044
6718,998.3628887694044
6719,998.3628887694044
6720,998.3628887694044
6721,998.3628887694044
6722,998.3628887694044
6723,998.3628887694044
6724,998.3628887694044
6725,998.3628887694044
6726,998.3628887694044
6727,998.3628887694044
6728,998.3628887694044
6729,998.3628887694044
6730,998.3628887694044
6731,998.3628887694044
6732,998.3628887694044
6733,998.3628887694044
6734,998.3628887694044
6735,998.3628887694044
6736,998.3628887694044
6737,998.3628887694044
6738,998.3628887694044
6739,998.3628887694044
6740,998.3628887694044
6741,998.3628887694044
6742,998.3628887694044
6743,998.3628887694044
6744,998.3628887694044
6745,998.3628887694044
6746,998.3628887694044
6747,998.3628887694044
6748,998.3628887694044
6749,998.3628887694044
6750,998.3628887694044
6751,998.3628887694044
6752,998.3628887694044
6753,998.3628887694044
6754,998.3628887694044
6755,998.3628887694044
6756,998.3628887694044
6757,998.3628887694044
6758,998.3628887694044
6759,998.3628887694044
6760,998.3628887694044
6761,998.3628887694044
6762,998.3628887694044
6763,998.3628887694044
6764,998.3628887694044
6765,998.3628887694044
6766,998.3628887694044
6767,998.3628887694044
6768,998.3628887694044
6769,998.3628887694044
6770,998.3628887694044
6771,998.3628887694044
6772,998.3628887694044
6773,998.3628887694044
6774,998.3628887694044
6775,998.3628887694044
6776,998.3628887694044
6777,998.3628887694044
6778,998.3628887694044
6779,998.3628887694044
6780,998.3628887694044
6781,998.3628887694044
6782,998.3628887694044
6783,998.3628887694044
6784,998.3628887694044
6785,998.3628887694044
6786,998.3628887694044
6787,998.3628887694044
6788,998.3628887694044
6789,998.3628887694044
6790,998.3628887694044
6791,998.3628887694044
6792,998.3628887694044
6793,998.3628887694044
6794,998.3628887694044
6795,998.3628887694044
6796,998.3628887694044
6797,998.3628887694044
6798,998.3628887694044
6799,998.3628887694044
6800,998.3628887694044
6801,998.3628887694044
6802,998.3628887694044
6803,998.3628887694044
6804,998.3628887694044
6805,998.3628887694044
6806,998.3628887694044
6807,998.3628887694044
6808,998.3628887694044
6809,998.3628887694044
6810,998.3628887694044
6811,998.3628887694044
6812,998.3628887694044
6813,998.3628887694044
6814,998.3628887694044
6815,998.3628887694044
6816,998.3628887694044
6817,998.3628887694044
6818,998.3628887694044
6819,998.3628887694044
6820,998.3628887694044
6821,998.3628887694044
6822,998.3628887694044
6823,998.3628887694044
6824,998.3628887694044
6825,998.3628887694044
6826,998.3628887694044
6827,998.3628887694044
6828,998.3628887694044
6829,998.3628887694044
6830,998.3628887694044
6831,998.3628887694044
6832,998.3628887694044
6833,998.3628887694044
6834,998.3628887694044
6835,998.3628887694044
6836,998.3628887694044
6837,998.3628887694044
6838,998.3628887694044
6839,998.3628887694044
6840,998.3628887694044
6841,998.3628887694044
6842,998.3628887694044
6843,998.3628887694044
6844,998.3628887694044
6845,998.3628887694044
6846,998.3628887694044
6847,998.3628887694044
6848,998.3628887694044
6849,998.3628887694044
6850,998.3628887694044
6851,998.3628887694044
6852,998.3628887694044
6853,998.3628887694044
6854,998.3628887694044
6855,998.3628887694044
6856,998.3628887694044
6857,998.3628887694044
6858,998.3628887694044
6859,998.3628887694044
6860,998.3628887694044
6861,998.3628887694044
6862,998.3628887694044
6863,998.3628887694044
6864,998.3628887694044
6865,998.3628887694044
6866,998.3628887694044
6867,998.3628887694044
6868,998.3628887694044
6869,998.3628887694044
6870,998.3628887694044
6871,998.3628887694044
6872,998.3628887694044
6873,998.3628887694044
6874,998.3628887694044
6875,998.3628887694044
6876,998.3628887694044
6877,998.3628887694044
6878,998.3628887694044
6879,998.3628887694044
6880,998.3628887694044
6881,998.3628887694044
6882,998.3628887694044
6883,998.3628887694044
6884,998.3628887694044
6885,998.3628887694044
6886,998.3628887694044
6887,998.3628887694044
6888,998.3628887694044
6889,998.3628887694044
6890,998.3628887694044
6891,998.3628887694044
6892,998.3628887694044
6893,998.3628887694044
6894,998.3628887694044
6895,998.3628887694044
6896,998.3628887694044
6897,998.3628887694044
6898,998.3628887694044
6899,998.3628887694044
6900,998.3628887694044
6901,998.3628887694044
6902,998.3628887694044
6903,998.3628887694044
6904,998.3628887694044
6905,998.3628887694044
6906,998.3628887694044
6907,998.3628887694044
6908,998.3628887694044
6909,998.3628887694044
6910,998.3628887694044
6911,998.3628887694044
6912,998.3628887694044
6913,998.3628887694044
6914,998.3628887694044
6915,998.3628887694044
6916,998.3628887694044
6917,998.3628887694044
6918,998.3628887694044
6919,998.3628887694044
6920,998.3628887694044
6921,998.3628887694044
6922,998.3628887694044
6923,998.3628887694044
6924,998.3628887694044
6925,998.3628887694044
6926,998.3628887694044
6927,998.3628887694044
6928,998.3628887694044
6929,998.3628887694044
6930,998.3628887694044
6931,998.3628887694044
6932,998.3628887694044
6933,998.3628887694044
6934,998.3628887694044
6935,998.3628887694044
6936,998.3628887694044
6937,998.3628887694044
6938,998.3628887694044
6939,998.3628887694044
6940,998.3628887694044
6941,998.3628887694044
6942,998.3628887694044
6943,998.3628887694044
6944,998.3628887694044
6945,998.3628887694044
6946,998.3628887694044
6947,998.3628887694044
6948,998.3628887694044
6949,998.3628887694044
6950,998.3628887694044
6951,998.3628887694044
6952,998.3628887694044
6953,998.3628887694044
6954,998.3628887694044
6955,998.3628887694044
6956,998.3628887694044
6957,998.3628887694044
6958,998.3628887694044
6959,998.3628887694044
6960,998.3628887694044
6961,998.3628887694044
6962,998.3628887694044
6963,998.3628887694044
6964,998.3628887694044
6965,998.3628887694044
6966,998.3628887694044
6967,998.3628887694044
6968,998.3628887694044
6969,998.3628887694044
6970,998.3628887694044
6971,998.3628887694044
6972,998.3628887694044
6973,998.3628887694044
6974,998.3628887694044
6975,998.3628887694044
6976,998.3628887694044
6977,998.3628887694044
6978,998.3628887694044
6979,998.3628887694044
6980,998.3628887694044
6981,998.3628887694044
6982,998.3628887694044
6983,998.3628887694044
6984,998.3628887694044
6985,998.3628887694044
6986,998.3628887694044
6987,998.3628887694044
6988,998.3628887694044
6989,998.3628887694044
6990,998.3628887694044
6991,998.3628887694044
6992,998.3628887694044
6993,998.3628887694044
6994,998.3628887694044
6995,998.3628887694044
6996,998.3628887694044
6997,998.3628887694044
6998,998.3628887694044
6999,998.3628887694044
7000,998.3628887694044
7001,998.3628887694044
7002,998.3628887694044
7003,998.3628887694044
7004,998.3628887694044
7005,998.3628887694044
7006,998.3628887694044
7007,998.3628887694044
7008,998.3628887694044
7009,998.3628887694044
7010,998.3628887694044
7011,998.3628887694044
7012,998.3628887694044
7013,998.3628887694044
7014,998.3628887694044
7015,998.3628887694044
7016,998.3628887694044
7017,998.3628887694044
7018,998.3628887694044
7019,998.3628887694044
7020,998.3628887694044
7021,998.3628887694044
7022,998.3628887694044
7023,998.3628887694044
7024,998.3628887694044
7025,998.3628887694044
7026,998.3628887694044
7027,998.3628887694044
7028,998.3628887694044
7029,998.3628887694044
7030,998.3628887694044
7031,998.3628887694044
7032,998.3628887694044
7033,998.3628887694044
7034,998.3628887694044
7035,998.3628887694044
7036,998.3628887694044
7037,998.3628887694044
7038,998.3628887694044
7039,998.3628887694044
7040,998.3628887694044
7041,998.3628887694044
7042,998.3628887694044
7043,998.3628887694044
7044,998.3628887694044
7045,998.3628887694044
7046,998.3628887694044
7047,998.3628887694044
7048,998.3628887694044
7049,998.3628887694044
7050,998.3628887694044
7051,998.3628887694044
7052,998.3628887694044
7053,998.3628887694044
7054,998.3628887694044
7055,998.3628887694044
7056,998.3628887694044
7057,998.3628887694044
7058,998.3628887694044
7059,998.3628887694044
7060,998.3628887694044
7061,998.3628887694044
7062,998.3628887694044
7063,998.3628887694044
7064,998.3628887694044
7065,998.3628887694044
7066,998.3628887694044
7067,998.3628887694044
7068,998.3628887694044
7069,998.3628887694044
7070,998.3628887694044
7071,998.3628887694044
7072,998.3628887694044
7073,998.3628887694044
7074,998.3628887694044
7075,998.3628887694044
7076,998.3628887694044
7077,998.3628887694044
7078,998.3628887694044
7079,998.3628887694044
7080,998.3628887694044
7081,998.3628887694044
7082,998.3628887694044
7083,998.3628887694044
7084,998.3628887694044
7085,998.3628887694044
7086,998.3628887694044
7087,998.3628887694044
7088,998.3628887694044
7089,998.3628887694044
7090,998.3628887694044
7091,998.3628887694044
7092,998.3628887694044
7093,998.3628887694044
7094,998.3628887694044
7095,998.3628887694044
7096,998.3628887694044
7097,998.3628887694044
7098,998.3628887694044
7099,998.3628887694044
7100,998.3628887694044
7101,998.3628887694044
7102,998.3628887694044
7103,998.3628887694044
7104,998.3628887694044
7105,998.3628887694044
7106,998.3628887694044
7107,998.3628887694044
7108,998.3628887694044
7109,998.3628887694044
7110,998.3628887694044
7111,998.3628887694044
7112,998.3628887694044
7113,998.3628887694044
7114,998.3628887694044
7115,998.3628887694044
7116,998.3628887694044
7117,998.3628887694044
7118,998.3628887694044
7119,998.3628887694044
7120,998.3628887694044
7121,998.3628887694044
7122,998.3628887694044
7123,998.3628887694044
7124,998.3628887694044
7125,998.3628887694044
7126,998.3628887694044
7127,998.3628887694044
7128,998.3628887694044
7129,998.3628887694044
7130,998.3628887694044
7131,998.3628887694044
7132,998.3628887694044
7133,998.3628887694044
7134,998.3628887694044
7135,998.3628887694044
7136,998.3628887694044
7137,998.3628887694044
7138,998.3628887694044
7139,998.3628887694044
7140,998.3628887694044
7141,998.3628887694044
7142,998.3628887694044
7143,998.3628887694044
7144,998.3628887694044
7145,998.3628887694044
7146,998.3628887694044
7147,998.3628887694044
7148,998.3628887694044
7149,998.3628887694044
7150,998.3628887694044
7151,998.3628887694044
7152,998.3628887694044
7153,998.3628887694044
7154,998.3628887694044
7155,998.3628887694044
7156,998.3628887694044
7157,998.3628887694044
7158,998.3628887694044
7159,998.3628887694044
7160,998.3628887694044
7161,998.3628887694044
7162,998.3628887694044
7163,998.3628887694044
7164,998.3628887694044
7165,998.3628887694044
7166,998.3628887694044
7167,998.3628887694044
7168,998.3628887694044
7169,998.3628887694044
7170,998.3628887694044
7171,998.3628887694044
7172,998.3628887694044
7173,998.3628887694044
7174,998.3628887694044
7175,998.3628887694044
7176,998.3628887694044
7177,998.3628887694044
7178,998.3628887694044
7179,998.3628887694044
7180,998.3628887694044
7181,998.3628887694044
7182,998.3628887694044
7183,998.3628887694044
7184,998.3628887694044
7185,998.3628887694044
7186,998.3628887694044
7187,998.3628887694044
7188,998.3628887694044
7189,998.3628887694044
7190,998.3628887694044
7191,998.3628887694044
7192,998.3628887694044
7193,998.3628887694044
7194,998.3628887694044
7195,998.3628887694044
7196,998.3628887694044
7197,998.3628887694044
7198,998.3628887694044
7199,998.3628887694044
7200,998.3628887694044
7201,998.3628887694044
7202,998.3628887694044
7203,998.3628887694044
7204,998.3628887694044
7205,998.3628887694044
7206,998.3628887694044
7207,998.3628887694044
7208,998.3628887694044
7209,998.3628887694044
7210,998.3628887694044
7211,998.3628887694044
7212,998.3628887694044
7213,998.3628887694044
7214,998.3628887694044
7215,998.3628887694044
7216,998.3628887694044
7217,998.3628887694044
7218,998.3628887694044
7219,998.3628887694044
7220,998.3628887694044
7221,998.3628887694044
7222,998.3628887694044
7223,998.3628887694044
7224,998.3628887694044
7225,998.3628887694044
7226,998.3628887694044
7227,998.3628887694044
7228,998.3628887694044
7229,998.3628887694044
7230,998.3628887694044
7231,998.3628887694044
7232,998.3628887694044
7233,998.3628887694044
7234,998.3628887694044
7235,998.3628887694044
7236,998.3628887694044
7237,998.3628887694044
7238,998.3628887694044
7239,998.3628887694044
7240,998.3628887694044
7241,998.3628887694044
7242,998.3628887694044
7243,998.3628887694044
7244,998.3628887694044
7245,998.3628887694044
7246,998.3628887694044
7247,998.3628887694044
7248,998.3628887694044
7249,998.3628887694044
7250,998.3628887694044
7251,998.3628887694044
7252,998.3628887694044
7253,998.3628887694044
7254,998.3628887694044
7255,998.3628887694044
7256,998.3628887694044
7257,998.3628887694044
7258,998.3628887694044
7259,998.3628887694044
7260,998.3628887694044
7261,998.3628887694044
7262,998.3628887694044
7263,998.3628887694044
7264,998.3628887694044
7265,998.3628887694044
7266,998.3628887694044
7267,998.3628887694044
7268,998.3628887694044
7269,998.3628887694044
7270,998.3628887694044
7271,998.3628887694044
7272,998.3628887694044
7273,998.3628887694044
7274,998.3628887694044
7275,998.3628887694044
7276,998.3628887694044
7277,998.3628887694044
7278,998.3628887694044
7279,998.3628887694044
7280,998.3628887694044
7281,998.3628887694044
7282,998.3628887694044
7283,998.3628887694044
7284,998.3628887694044
7285,998.3628887694044
7286,998.3628887694044
7287,998.3628887694044
7288,998.3628887694044
7289,998.3628887694044
7290,998.3628887694044
7291,998.3628887694044
7292,998.3628887694044
7293,998.3628887694044
7294,998.3628887694044
7295,998.3628887694044
7296,998.3628887694044
7297,998.3628887694044
7298,998.3628887694044
7299,998.3628887694044
7300,998.3628887694044
7301,998.3628887694044
7302,998.3628887694044
7303,998.3628887694044
7304,998.3628887694044
7305,998.3628887694044
7306,998.3628887694044
7307,998.3628887694044
7308,998.3628887694044
7309,998.3628887694044
7310,998.3628887694044
7311,998.3628887694044
7312,998.3628887694044
7313,998.3628887694044
7314,998.3628887694044
7315,998.3628887694044
7316,998.3628887694044
7317,998.3628887694044
7318,998.3628887694044
7319,998.3628887694044
7320,998.3628887694044
7321,998.3628887694044
7322,998.3628887694044
7323,998.3628887694044
7324,998.3628887694044
7325,998.3628887694044
7326,998.3628887694044
7327,998.3628887694044
7328,998.3628887694044
7329,998.3628887694044
7330,998.3628887694044
7331,998.3628887694044
7332,998.3628887694044
7333,998.3628887694044
7334,998.3628887694044
7335,998.3628887694044
7336,998.3628887694044
7337,998.3628887694044
7338,998.3628887694044
7339,998.3628887694044
7340,998.3628887694044
7341,998.3628887694044
7342,998.3628887694044
7343,998.3628887694044
7344,998.3628887694044
7345,998.3628887694044
7346,998.3628887694044
7347,998.3628887694044
7348,998.3628887694044
7349,998.3628887694044
7350,998.3628887694044
7351,998.3628887694044
7352,998.3628887694044
7353,998.3628887694044
7354,998.3628887694044
7355,998.3628887694044
7356,998.3628887694044
7357,998.3628887694044
7358,998.3628887694044
7359,998.3628887694044
7360,998.3628887694044
7361,998.3628887694044
7362,998.3628887694044
7363,998.3628887694044
7364,998.3628887694044
7365,998.3628887694044
7366,998.3628887694044
7367,998.3628887694044
7368,998.3628887694044
7369,998.3628887694044
7370,998.3628887694044
7371,998.3628887694044
7372,998.3628887694044
7373,998.3628887694044
7374,998.3628887694044
7375,998.3628887694044
7376,998.3628887694044
7377,998.3628887694044
7378,998.3628887694044
7379,998.3628887694044
7380,998.3628887694044
7381,998.3628887694044
7382,998.3628887694044
7383,998.3628887694044
7384,998.3628887694044
7385,998.3628887694044
7386,998.3628887694044
7387,998.3628887694044
7388,998.3628887694044
7389,998.3628887694044
7390,998.3628887694044
7391,998.3628887694044
7392,998.3628887694044
7393,998.3628887694044
7394,998.3628887694044
7395,998.3628887694044
7396,998.3628887694044
7397,998.3628887694044
7398,998.3628887694044
7399,998.3628887694044
7400,998.3628887694044
7401,998.3628887694044
7402,998.3628887694044
7403,998.3628887694044
7404,998.3628887694044
7405,998.3628887694044
7406,998.3628887694044
7407,998.3628887694044
7408,998.3628887694044
7409,998.3628887694044
7410,998.3628887694044
7411,998.3628887694044
7412,998.3628887694044
7413,998.3628887694044
7414,998.3628887694044
7415,998.3628887694044
7416,998.3628887694044
7417,998.3628887694044
7418,998.3628887694044
7419,998.3628887694044
7420,998.3628887694044
7421,998.3628887694044
7422,998.3628887694044
7423,998.3628887694044
7424,998.3628887694044
7425,998.3628887694044
7426,998.3628887694044
7427,998.3628887694044
7428,998.3628887694044
7429,998.3628887694044
7430,998.3628887694044
7431,998.3628887694044
7432,998.3628887694044
7433,998.3628887694044
7434,998.3628887694044
7435,998.3628887694044
7436,998.3628887694044
7437,998.3628887694044
7438,998.3628887694044
7439,998.3628887694044
7440,998.3628887694044
7441,998.3628887694044
7442,998.3628887694044
7443,998.3628887694044
7444,998.3628887694044
7445,998.3628887694044
7446,998.3628887694044
7447,998.3628887694044
7448,998.3628887694044
7449,998.3628887694044
7450,998.3628887694044
7451,998.3628887694044
7452,998.3628887694044
7453,998.3628887694044
7454,998.3628887694044
7455,998.3628887694044
7456,998.3628887694044
7457,998.3628887694044
7458,998.3628887694044
7459,998.3628887694044
7460,998.3628887694044
7461,998.3628887694044
7462,998.3628887694044
7463,998.3628887694044
7464,998.3628887694044
7465,998.3628887694044
7466,998.3628887694044
7467,998.3628887694044
7468,998.3628887694044
7469,998.3628887694044
7470,998.3628887694044
7471,998.3628887694044
7472,998.3628887694044
7473,998.3628887694044
7474,998.3628887694044
7475,998.3628887694044
7476,998.3628887694044
7477,998.3628887694044
7478,998.3628887694044
7479,998.3628887694044
7480,998.3628887694044
7481,998.3628887694044
7482,998.3628887694044
7483,998.3628887694044
7484,998.3628887694044
7485,998.3628887694044
7486,998.3628887694044
7487,998.3628887694044
7488,998.3628887694044
7489,998.3628887694044
7490,998.3628887694044
7491,998.3628887694044
7492,998.3628887694044
7493,998.3628887694044
7494,998.3628887694044
7495,998.3628887694044
7496,998.3628887694044
7497,998.3628887694044
7498,998.3628887694044
7499,998.3628887694044
7500,998.3628887694044
7501,998.3628887694044
7502,998.3628887694044
7503,998.3628887694044
7504,998.3628887694044
7505,998.3628887694044
7506,998.3628887694044
7507,998.3628887694044
7508,998.3628887694044
7509,998.3628887694044
7510,998.3628887694044
7511,998.3628887694044
7512,998.3628887694044
7513,998.3628887694044
7514,998.3628887694044
7515,998.3628887694044
7516,998.3628887694044
7517,998.3628887694044
7518,998.3628887694044
7519,998.3628887694044
7520,998.3628887694044
7521,998.3628887694044
7522,998.3628887694044
7523,998.3628887694044
7524,998.3628887694044
7525,998.3628887694044
7526,998.3628887694044
7527,998.3628887694044
7528,998.3628887694044
7529,998.3628887694044
7530,998.3628887694044
7531,998.3628887694044
7532,998.3628887694044
7533,998.3628887694044
7534,998.3628887694044
7535,998.3628887694044
7536,998.3628887694044
7537,998.3628887694044
7538,998.3628887694044
7539,998.3628887694044
7540,998.3628887694044
7541,998.3628887694044
7542,998.3628887694044
7543,998.3628887694044
7544,998.3628887694044
7545,998.3628887694044
7546,998.3628887694044
7547,998.3628887694044
7548,998.3628887694044
7549,998.3628887694044
7550,998.3628887694044
7551,998.3628887694044
7552,998.3628887694044
7553,998.3628887694044
7554,998.3628887694044
7555,998.3628887694044
7556,998.3628887694044
7557,998.3628887694044
7558,998.3628887694044
7559,998.3628887694044
7560,998.3628887694044
7561,998.3628887694044
7562,998.3628887694044
7563,998.3628887694044
7564,998.3628887694044
7565,998.3628887694044
7566,998.3628887694044
7567,998.3628887694044
7568,998.3628887694044
7569,998.3628887694044
7570,998.3628887694044
7571,998.3628887694044
7572,998.3628887694044
7573,998.3628887694044
7574,998.3628887694044
7575,998.3628887694044
7576,998.3628887694044
7577,998.3628887694044
7578,998.3628887694044
7579,998.3628887694044
7580,998.3628887694044
7581,998.3628887694044
7582,998.3628887694044
7583,998.3628887694044
7584,998.3628887694044
7585,998.3628887694044
7586,998.3628887694044
7587,998.3628887694044
7588,998.3628887694044
7589,998.3628887694044
7590,998.3628887694044
7591,998.3628887694044
7592,998.3628887694044
7593,998.3628887694044
7594,998.3628887694044
7595,998.3628887694044
7596,998.3628887694044
7597,998.3628887694044
7598,998.3628887694044
7599,998.3628887694044
7600,998.3628887694044
7601,998.3628887694044
7602,998.3628887694044
7603,998.3628887694044
7604,998.3628887694044
7605,998.3628887694044
7606,998.3628887694044
7607,998.3628887694044
7608,998.3628887694044
7609,998.3628887694044
7610,998.3628887694044
7611,998.3628887694044
7612,998.3628887694044
7613,998.3628887694044
7614,998.3628887694044
7615,998.3628887694044
7616,998.3628887694044
7617,998.3628887694044
7618,998.3628887694044
7619,998.3628887694044
7620,998.3628887694044
7621,998.3628887694044
7622,998.3628887694044
7623,998.3628887694044
7624,998.3628887694044
7625,998.3628887694044
7626,998.3628887694044
7627,998.3628887694044
7628,998.3628887694044
7629,998.3628887694044
7630,998.3628887694044
7631,998.3628887694044
7632,998.3628887694044
7633,998.3628887694044
7634,998.3628887694044
7635,998.3628887694044
7636,998.3628887694044
7637,998.3628887694044
7638,998.3628887694044
7639,998.3628887694044
7640,998.3628887694044
7641,998.3628887694044
7642,998.3628887694044
7643,998.3628887694044
7644,998.3628887694044
7645,998.3628887694044
7646,998.3628887694044
7647,998.3628887694044
7648,998.3628887694044
7649,998.3628887694044
7650,998.3628887694044
7651,998.3628887694044
7652,998.3628887694044
7653,998.3628887694044
7654,998.3628887694044
7655,998.3628887694044
7656,998.3628887694044
7657,998.3628887694044
7658,998.3628887694044
7659,998.3628887694044
7660,998.3628887694044
7661,998.3628887694044
7662,998.3628887694044
7663,998.3628887694044
7664,998.3628887694044
7665,998.3628887694044
7666,998.3628887694044
7667,998.3628887694044
7668,998.3628887694044
7669,998.3628887694044
7670,998.3628887694044
7671,998.3628887694044
7672,998.3628887694044
7673,998.3628887694044
7674,998.3628887694044
7675,998.3628887694044
7676,998.3628887694044
7677,998.3628887694044
7678,998.3628887694044
7679,998.3628887694044
7680,998.3628887694044
7681,998.3628887694044
7682,998.3628887694044
7683,998.3628887694044
7684,998.3628887694044
7685,998.3628887694044
7686,998.3628887694044
7687,998.3628887694044
7688,998.3628887694044
7689,998.3628887694044
7690,998.3628887694044
7691,998.3628887694044
7692,998.3628887694044
7693,998.3628887694044
7694,998.3628887694044
7695,998.3628887694044
7696,998.3628887694044
7697,998.3628887694044
7698,998.3628887694044
7699,998.3628887694044
7700,998.3628887694044
7701,998.3628887694044
7702,998.3628887694044
7703,998.3628887694044
7704,998.3628887694044
7705,998.3628887694044
7706,998.3628887694044
7707,998.3628887694044
7708,998.3628887694044
7709,998.3628887694044
7710,998.3628887694044
7711,998.3628887694044
7712,998.3628887694044
7713,998.3628887694044
7714,998.3628887694044
7715,998.3628887694044
7716,998.3628887694044
7717,998.3628887694044
7718,998.3628887694044
7719,998.3628887694044
7720,998.3628887694044
7721,998.3628887694044
7722,998.3628887694044
7723,998.3628887694044
7724,998.3628887694044
7725,998.3628887694044
7726,998.3628887694044
7727,998.3628887694044
7728,998.3628887694044
7729,998.3628887694044
7730,998.3628887694044
7731,998.3628887694044
7732,998.3628887694044
7733,998.3628887694044
7734,998.3628887694044
7735,998.3628887694044
7736,998.3628887694044
7737,998.3628887694044
7738,998.3628887694044
7739,998.3628887694044
7740,998.3628887694044
7741,998.3628887694044
7742,998.3628887694044
7743,998.3628887694044
7744,998.3628887694044
7745,998.3628887694044
7746,998.3628887694044
7747,998.3628887694044
7748,998.3628887694044
7749,998.3628887694044
7750,998.3628887694044
7751,998.3628887694044
7752,998.3628887694044
7753,998.3628887694044
7754,998.3628887694044
7755,998.3628887694044
7756,998.3628887694044
7757,998.3628887694044
7758,998.3628887694044
7759,998.3628887694044
7760,998.3628887694044
7761,998.3628887694044
7762,998.3628887694044
7763,998.3628887694044
7764,998.3628887694044
7765,998.3628887694044
7766,998.3628887694044
7767,998.3628887694044
7768,998.3628887694044
7769,998.3628887694044
7770,998.3628887694044
7771,998.3628887694044
7772,998.3628887694044
7773,998.3628887694044
7774,998.3628887694044
7775,998.3628887694044
7776,998.3628887694044
7777,998.3628887694044
7778,998.3628887694044
7779,998.3628887694044
7780,998.3628887694044
7781,998.3628887694044
7782,998.3628887694044
7783,998.3628887694044
7784,998.3628887694044
7785,998.3628887694044
7786,998.3628887694044
7787,998.3628887694044
7788,998.3628887694044
7789,998.3628887694044
7790,998.3628887694044
7791,998.3628887694044
7792,998.3628887694044
7793,998.3628887694044
7794,998.3628887694044
7795,998.3628887694044
7796,998.3628887694044
7797,998.3628887694044
7798,998.3628887694044
7799,998.3628887694044
7800,998.3628887694044
7801,998.3628887694044
7802,998.3628887694044
7803,998.3628887694044
7804,998.3628887694044
7805,998.3628887694044
7806,998.3628887694044
7807,998.3628887694044
7808,998.3628887694044
7809,998.3628887694044
7810,998.3628887694044
7811,998.3628887694044
7812,998.3628887694044
7813,998.3628887694044
7814,998.3628887694044
7815,998.3628887694044
7816,998.3628887694044
7817,998.3628887694044
7818,998.3628887694044
7819,998.3628887694044
7820,998.3628887694044
7821,998.3628887694044
7822,998.3628887694044
7823,998.3628887694044
7824,998.3628887694044
7825,998.3628887694044
7826,998.3628887694044
7827,998.3628887694044
7828,998.3628887694044
7829,998.3628887694044
7830,998.3628887694044
7831,998.3628887694044
7832,998.3628887694044
7833,998.3628887694044
7834,998.3628887694044
7835,998.3628887694044
7836,998.3628887694044
7837,998.3628887694044
7838,998.3628887694044
7839,998.3628887694044
7840,998.3628887694044
7841,998.3628887694044
7842,998.3628887694044
7843,998.3628887694044
7844,998.3628887694044
7845,998.3628887694044
7846,998.3628887694044
7847,998.3628887694044
7848,998.3628887694044
7849,998.3628887694044
7850,998.3628887694044
7851,998.3628887694044
7852,998.3628887694044
7853,998.3628887694044
7854,998.3628887694044
7855,998.3628887694044
7856,998.3628887694044
7857,998.3628887694044
7858,998.3628887694044
7859,998.3628887694044
7860,998.3628887694044
7861,998.3628887694044
7862,998.3628887694044
7863,998.3628887694044
7864,998.3628887694044
7865,998.3628887694044
7866,998.3628887694044
7867,998.3628887694044
7868,998.3628887694044
7869,998.3628887694044
7870,998.3628887694044
7871,998.3628887694044
7872,998.3628887694044
7873,998.3628887694044
7874,998.3628887694044
7875,998.3628887694044
7876,998.3628887694044
7877,998.3628887694044
7878,998.3628887694044
7879,998.3628887694044
7880,998.3628887694044
7881,998.3628887694044
7882,998.3628887694044
7883,998.3628887694044
7884,998.3628887694044
7885,998.3628887694044
7886,998.3628887694044
7887,998.3628887694044
7888,998.3628887694044
7889,998.3628887694044
7890,998.3628887694044
7891,998.3628887694044
7892,998.3628887694044
7893,998.3628887694044
7894,998.3628887694044
7895,998.3628887694044
7896,998.3628887694044
7897,998.3628887694044
7898,998.3628887694044
7899,998.3628887694044
7900,998.3628887694044
7901,998.3628887694044
7902,998.3628887694044
7903,998.3628887694044
7904,998.3628887694044
7905,998.3628887694044
7906,998.3628887694044
7907,998.3628887694044
7908,998.3628887694044
7909,998.3628887694044
7910,998.3628887694044
7911,998.3628887694044
7912,998.3628887694044
7913,998.3628887694044
7914,998.3628887694044
7915,998.3628887694044
7916,998.3628887694044
7917,998.3628887694044
7918,998.3628887694044
7919,998.3628887694044
7920,998.3628887694044
7921,998.3628887694044
7922,998.3628887694044
7923,998.3628887694044
7924,998.3628887694044
7925,998.3628887694044
7926,998.3628887694044
7927,998.3628887694044
7928,998.3628887694044
7929,998.3628887694044
7930,998.3628887694044
7931,998.3628887694044
7932,998.3628887694044
7933,998.3628887694044
7934,998.3628887694044
7935,998.3628887694044
7936,998.3628887694044
7937,998.3628887694044
7938,998.3628887694044
7939,998.3628887694044
7940,998.3628887694044
7941,998.3628887694044
7942,998.3628887694044
7943,998.3628887694044
7944,998.3628887694044
7945,998.3628887694044
7946,998.3628887694044
7947,998.3628887694044
7948,998.3628887694044
7949,998.3628887694044
7950,998.3628887694044
7951,998.3628887694044
7952,998.3628887694044
7953,998.3628887694044
7954,998.3628887694044
7955,998.3628887694044
7956,998.3628887694044
7957,998.3628887694044
7958,998.3628887694044
7959,998.3628887694044
7960,998.3628887694044
7961,998.3628887694044
7962,998.3628887694044
7963,998.3628887694044
7964,998.3628887694044
7965,998.3628887694044
7966,998.3628887694044
7967,998.3628887694044
7968,998.3628887694044
7969,998.3628887694044
7970,998.3628887694044
7971,998.3628887694044
7972,998.3628887694044
7973,998.3628887694044
7974,998.3628887694044
7975,998.3628887694044
7976,998.3628887694044
7977,998.3628887694044
7978,998.3628887694044
7979,998.3628887694044
7980,998.3628887694044
7981,998.3628887694044
7982,998.3628887694044
7983,998.3628887694044
7984,998.3628887694044
7985,998.3628887694044
7986,998.3628887694044
7987,998.3628887694044
7988,998.3628887694044
7989,998.3628887694044
7990,998.3628887694044
7991,998.3628887694044
7992,998.3628887694044
7993,998.3628887694044
7994,998.3628887694044
7995,998.3628887694044
7996,998.3628887694044
7997,998.3628887694044
7998,998.3628887694044
7999,998.3628887694044
8000,998.3628887694044
8001,998.3628887694044
8002,998.3628887694044
8003,998.3628887694044
8004,998.3628887694044
8005,998.3628887694044
8006,998.3628887694044
8007,998.3628887694044
8008,998.3628887694044
8009,998.3628887694044
8010,998.3628887694044
8011,998.3628887694044
8012,998.3628887694044
8013,998.3628887694044
8014,998.3628887694044
8015,998.3628887694044
8016,998.3628887694044
8017,998.3628887694044
8018,998.3628887694044
8019,998.3628887694044
8020,998.3628887694044
8021,998.3628887694044
8022,998.3628887694044
8023,998.3628887694044
8024,998.3628887694044
8025,998.3628887694044
8026,998.3628887694044
8027,998.3628887694044
8028,998.3628887694044
8029,998.3628887694044
8030,998.3628887694044
8031,998.3628887694044
8032,998.3628887694044
8033,998.3628887694044
8034,998.3628887694044
8035,998.3628887694044
8036,998.3628887694044
8037,998.3628887694044
8038,998.3628887694044
8039,998.3628887694044
8040,998.3628887694044
8041,998.3628887694044
8042,998.3628887694044
8043,998.3628887694044
8044,998.3628887694044
8045,998.3628887694044
8046,998.3628887694044
8047,998.3628887694044
8048,998.3628887694044
8049,998.3628887694044
8050,998.3628887694044
8051,998.3628887694044
8052,998.3628887694044
8053,998.3628887694044
8054,998.3628887694044
8055,998.3628887694044
8056,998.3628887694044
8057,998.3628887694044
8058,998.3628887694044
8059,998.3628887694044
8060,998.3628887694044
8061,998.3628887694044
8062,998.3628887694044
8063,998.3628887694044
8064,998.3628887694044
8065,998.3628887694044
8066,998.3628887694044
8067,998.3628887694044
8068,998.3628887694044
8069,998.3628887694044
8070,998.3628887694044
8071,998.3628887694044
8072,998.3628887694044
8073,998.3628887694044
8074,998.3628887694044
8075,998.3628887694044
8076,998.3628887694044
8077,998.3628887694044
8078,998.3628887694044
8079,998.3628887694044
8080,998.3628887694044
8081,998.3628887694044
8082,998.3628887694044
8083,998.3628887694044
8084,998.3628887694044
8085,998.3628887694044
8086,998.3628887694044
8087,998.3628887694044
8088,998.3628887694044
8089,998.3628887694044
8090,998.3628887694044
8091,998.3628887694044
8092,998.3628887694044
8093,998.3628887694044
8094,998.3628887694044
8095,998.3628887694044
8096,998.3628887694044
8097,998.3628887694044
8098,998.3628887694044
8099,998.3628887694044
8100,998.3628887694044
8101,998.3628887694044
8102,998.3628887694044
8103,998.3628887694044
8104,998.3628887694044
8105,998.3628887694044
8106,998.3628887694044
8107,998.3628887694044
8108,998.3628887694044
8109,998.3628887694044
8110,998.3628887694044
8111,998.3628887694044
8112,998.3628887694044
8113,998.3628887694044
8114,998.3628887694044
8115,998.3628887694044
8116,998.3628887694044
8117,998.3628887694044
8118,998.3628887694044
8119,998.3628887694044
8120,998.3628887694044
8121,998.3628887694044
8122,998.3628887694044
8123,998.3628887694044
8124,998.3628887694044
8125,998.3628887694044
8126,998.3628887694044
8127,998.3628887694044
8128,998.3628887694044
8129,998.3628887694044
8130,998.3628887694044
8131,998.3628887694044
8132,998.3628887694044
8133,998.3628887694044
8134,998.3628887694044
8135,998.3628887694044
8136,998.3628887694044
8137,998.3628887694044
8138,998.3628887694044
8139,998.3628887694044
8140,998.3628887694044
8141,998.3628887694044
8142,998.3628887694044
8143,998.3628887694044
8144,998.3628887694044
8145,998.3628887694044
8146,998.3628887694044
8147,998.3628887694044
8148,998.3628887694044
8149,998.3628887694044
8150,998.3628887694044
8151,998.3628887694044
8152,998.3628887694044
8153,998.3628887694044
8154,998.3628887694044
8155,998.3628887694044
8156,998.3628887694044
8157,998.3628887694044
8158,998.3628887694044
8159,998.3628887694044
8160,998.3628887694044
8161,998.3628887694044
8162,998.3628887694044
8163,998.3628887694044
8164,998.3628887694044
8165,998.3628887694044
8166,998.3628887694044
8167,998.3628887694044
8168,998.3628887694044
8169,998.3628887694044
8170,998.3628887694044
8171,998.3628887694044
8172,998.3628887694044
8173,998.3628887694044
8174,998.3628887694044
8175,998.3628887694044
8176,998.3628887694044
8177,998.3628887694044
8178,998.3628887694044
8179,998.3628887694044
8180,998.3628887694044
8181,998.3628887694044
8182,998.3628887694044
8183,998.3628887694044
8184,998.3628887694044
8185,998.3628887694044
8186,998.3628887694044
8187,998.3628887694044
8188,998.3628887694044
8189,998.3628887694044
8190,998.3628887694044
8191,998.3628887694044
8192,998.3628887694044
8193,998.3628887694044
8194,998.3628887694044
8195,998.3628887694044
8196,998.3628887694044
8197,998.3628887694044
8198,998.3628887694044
8199,998.3628887694044
8200,998.3628887694044
8201,998.3628887694044
8202,998.3628887694044
8203,998.3628887694044
8204,998.3628887694044
8205,998.3628887694044
8206,998.3628887694044
8207,998.3628887694044
8208,998.3628887694044
8209,998.3628887694044
8210,998.3628887694044
8211,998.3628887694044
8212,998.3628887694044
8213,998.3628887694044
8214,998.3628887694044
8215,998.3628887694044
8216,998.3628887694044
8217,998.3628887694044
8218,998.3628887694044
8219,998.3628887694044
8220,998.3628887694044
8221,998.3628887694044
8222,998.3628887694044
8223,998.3628887694044
8224,998.3628887694044
8225,998.3628887694044
8226,998.3628887694044
8227,998.3628887694044
8228,998.3628887694044
8229,998.3628887694044
8230,998.3628887694044
8231,998.3628887694044
8232,998.3628887694044
8233,998.3628887694044
8234,998.3628887694044
8235,998.3628887694044
8236,998.3628887694044
8237,998.3628887694044
8238,998.3628887694044
8239,998.3628887694044
8240,998.3628887694044
8241,998.3628887694044
8242,998.3628887694044
8243,998.3628887694044
8244,998.3628887694044
8245,998.3628887694044
8246,998.3628887694044
8247,998.3628887694044
8248,998.3628887694044
8249,998.3628887694044
8250,998.3628887694044
8251,998.3628887694044
8252,998.3628887694044
8253,998.3628887694044
8254,998.3628887694044
8255,998.3628887694044
8256,998.3628887694044
8257,998.3628887694044
8258,998.3628887694044
8259,998.3628887694044
8260,998.3628887694044
8261,998.3628887694044
8262,998.3628887694044
8263,998.3628887694044
8264,998.3628887694044
8265,998.3628887694044
8266,998.3628887694044
8267,998.3628887694044
8268,998.3628887694044
8269,998.3628887694044
8270,998.3628887694044
8271,998.3628887694044
8272,998.3628887694044
8273,998.3628887694044
8274,998.3628887694044
8275,998.3628887694044
8276,998.3628887694044
8277,998.3628887694044
8278,998.3628887694044
8279,998.3628887694044
8280,998.3628887694044
8281,998.3628887694044
8282,998.3628887694044
8283,998.3628887694044
8284,998.3628887694044
8285,998.3628887694044
8286,998.3628887694044
8287,998.3628887694044
8288,998.3628887694044
8289,998.3628887694044
8290,998.3628887694044
8291,998.3628887694044
8292,998.3628887694044
8293,998.3628887694044
8294,998.3628887694044
8295,998.3628887694044
8296,998.3628887694044
8297,998.3628887694044
8298,998.3628887694044
8299,998.3628887694044
8300,998.3628887694044
8301,998.3628887694044
8302,998.3628887694044
8303,998.3628887694044
8304,998.3628887694044
8305,998.3628887694044
8306,998.3628887694044
8307,998.3628887694044
8308,998.3628887694044
8309,998.3628887694044
8310,998.3628887694044
8311,998.3628887694044
8312,998.3628887694044
8313,998.3628887694044
8314,998.3628887694044
8315,998.3628887694044
8316,998.3628887694044
8317,998.3628887694044
8318,998.3628887694044
8319,998.3628887694044
8320,998.3628887694044
8321,998.3628887694044
8322,998.3628887694044
8323,998.3628887694044
8324,998.3628887694044
8325,998.3628887694044
8326,998.3628887694044
8327,998.3628887694044
8328,998.3628887694044
8329,998.3628887694044
8330,998.3628887694044
8331,998.3628887694044
8332,998.3628887694044
8333,998.3628887694044
8334,998.3628887694044
8335,998.3628887694044
8336,998.3628887694044
8337,998.3628887694044
8338,998.3628887694044
8339,998.3628887694044
8340,998.3628887694044
8341,998.3628887694044
8342,998.3628887694044
8343,998.3628887694044
8344,998.3628887694044
8345,998.3628887694044
8346,998.3628887694044
8347,998.3628887694044
8348,998.3628887694044
8349,998.3628887694044
8350,998.3628887694044
8351,998.3628887694044
8352,998.3628887694044
8353,998.3628887694044
8354,998.3628887694044
8355,998.3628887694044
8356,998.3628887694044
8357,998.3628887694044
8358,998.3628887694044
8359,998.3628887694044
8360,998.3628887694044
8361,998.3628887694044
8362,998.3628887694044
8363,998.3628887694044
8364,998.3628887694044
8365,998.3628887694044
8366,998.3628887694044
8367,998.3628887694044
8368,998.3628887694044
8369,998.3628887694044
8370,998.3628887694044
8371,998.3628887694044
8372,998.3628887694044
8373,998.3628887694044
8374,998.3628887694044
8375,998.3628887694044
8376,998.3628887694044
8377,998.3628887694044
8378,998.3628887694044
8379,998.3628887694044
8380,998.3628887694044
8381,998.3628887694044
8382,998.3628887694044
8383,998.3628887694044
8384,998.3628887694044
8385,998.3628887694044
8386,998.3628887694044
8387,998.3628887694044
8388,998.3628887694044
8389,998.3628887694044
8390,998.3628887694044
8391,998.3628887694044
8392,998.3628887694044
8393,998.3628887694044
8394,998.3628887694044
8395,998.3628887694044
8396,998.3628887694044
8397,998.3628887694044
8398,998.3628887694044
8399,998.3628887694044
8400,998.3628887694044
8401,998.3628887694044
8402,998.3628887694044
8403,998.3628887694044
8404,998.3628887694044
8405,998.3628887694044
8406,998.3628887694044
8407,998.3628887694044
8408,998.3628887694044
8409,998.3628887694044
8410,998.3628887694044
8411,998.3628887694044
8412,998.3628887694044
8413,998.3628887694044
8414,998.3628887694044
8415,998.3628887694044
8416,998.3628887694044
8417,998.3628887694044
8418,998.3628887694044
8419,998.3628887694044
8420,998.3628887694044
8421,998.3628887694044
8422,998.3628887694044
8423,998.3628887694044
8424,998.3628887694044
8425,998.3628887694044
8426,998.3628887694044
8427,998.3628887694044
8428,998.3628887694044
8429,998.3628887694044
8430,998.3628887694044
8431,998.3628887694044
8432,998.3628887694044
8433,998.3628887694044
8434,998.3628887694044
8435,998.3628887694044
8436,998.3628887694044
8437,998.3628887694044
8438,998.3628887694044
8439,998.3628887694044
8440,998.3628887694044
8441,998.3628887694044
8442,998.3628887694044
8443,998.3628887694044
8444,998.3628887694044
8445,998.3628887694044
8446,998.3628887694044
8447,998.3628887694044
8448,998.3628887694044
8449,998.3628887694044
8450,998.3628887694044
8451,998.3628887694044
8452,998.3628887694044
8453,998.3628887694044
8454,998.3628887694044
8455,998.3628887694044
8456,998.3628887694044
8457,998.3628887694044
8458,998.3628887694044
8459,998.3628887694044
8460,998.3628887694044
8461,998.3628887694044
8462,998.3628887694044
8463,998.3628887694044
8464,998.3628887694044
8465,998.3628887694044
8466,998.3628887694044
8467,998.3628887694044
8468,998.3628887694044
8469,998.3628887694044
8470,998.3628887694044
8471,998.3628887694044
8472,998.3628887694044
8473,998.3628887694044
8474,998.3628887694044
8475,998.3628887694044
8476,998.3628887694044
8477,998.3628887694044
8478,998.3628887694044
8479,998.3628887694044
8480,998.3628887694044
8481,998.3628887694044
8482,998.3628887694044
8483,998.3628887694044
8484,998.3628887694044
8485,998.3628887694044
8486,998.3628887694044
8487,998.3628887694044
8488,998.3628887694044
8489,998.3628887694044
8490,998.3628887694044
8491,998.3628887694044
8492,998.3628887694044
8493,998.3628887694044
8494,998.3628887694044
8495,998.3628887694044
8496,998.3628887694044
8497,998.3628887694044
8498,998.3628887694044
8499,998.3628887694044
8500,998.3628887694044
8501,998.3628887694044
8502,998.3628887694044
8503,998.3628887694044
8504,998.3628887694044
8505,998.3628887694044
8506,998.3628887694044
8507,998.3628887694044
8508,998.3628887694044
8509,998.3628887694044
8510,998.3628887694044
8511,998.3628887694044
8512,998.3628887694044
8513,998.3628887694044
8514,998.3628887694044
8515,998.3628887694044
8516,998.3628887694044
8517,998.3628887694044
8518,998.3628887694044
8519,998.3628887694044
8520,998.3628887694044
8521,998.3628887694044
8522,998.3628887694044
8523,998.3628887694044
8524,998.3628887694044
8525,998.3628887694044
8526,998.3628887694044
8527,998.3628887694044
8528,998.3628887694044
8529,998.3628887694044
8530,998.3628887694044
8531,998.3628887694044
8532,998.3628887694044
8533,998.3628887694044
8534,998.3628887694044
8535,998.3628887694044
8536,998.3628887694044
8537,998.3628887694044
8538,998.3628887694044
8539,998.3628887694044
8540,998.3628887694044
8541,998.3628887694044
8542,998.3628887694044
8543,998.3628887694044
8544,998.3628887694044
8545,998.3628887694044
8546,998.3628887694044
8547,998.3628887694044
8548,998.3628887694044
8549,998.3628887694044
8550,998.3628887694044
8551,998.3628887694044
8552,998.3628887694044
8553,998.3628887694044
8554,998.3628887694044
8555,998.3628887694044
8556,998.3628887694044
8557,998.3628887694044
8558,998.3628887694044
8559,998.3628887694044
8560,998.3628887694044
8561,998.3628887694044
8562,998.3628887694044
8563,998.3628887694044
8564,998.3628887694044
8565,998.3628887694044
8566,998.3628887694044
8567,998.3628887694044
8568,998.3628887694044
8569,998.3628887694044
8570,998.3628887694044
8571,998.3628887694044
8572,998.3628887694044
8573,998.3628887694044
8574,998.3628887694044
8575,998.3628887694044
8576,998.3628887694044
8577,998.3628887694044
8578,998.3628887694044
8579,998.3628887694044
8580,998.3628887694044
8581,998.3628887694044
8582,998.3628887694044
8583,998.3628887694044
8584,998.3628887694044
8585,998.3628887694044
8586,998.3628887694044
8587,998.3628887694044
8588,998.3628887694044
8589,998.3628887694044
8590,998.3628887694044
8591,998.3628887694044
8592,998.3628887694044
8593,998.3628887694044
8594,998.3628887694044
8595,998.3628887694044
8596,998.3628887694044
8597,998.3628887694044
8598,998.3628887694044
8599,998.3628887694044
8600,998.3628887694044
8601,998.3628887694044
8602,998.3628887694044
8603,998.3628887694044
8604,998.3628887694044
8605,998.3628887694044
8606,998.3628887694044
8607,998.3628887694044
8608,998.3628887694044
8609,998.3628887694044
8610,998.3628887694044
8611,998.3628887694044
8612,998.3628887694044
8613,998.3628887694044
8614,998.3628887694044
8615,998.3628887694044
8616,998.3628887694044
8617,998.3628887694044
8618,998.3628887694044
8619,998.3628887694044
8620,998.3628887694044
8621,998.3628887694044
8622,998.3628887694044
8623,998.3628887694044
8624,998.3628887694044
8625,998.3628887694044
8626,998.3628887694044
8627,998.3628887694044
8628,998.3628887694044
8629,998.3628887694044
8630,998.3628887694044
8631,998.3628887694044
8632,998.3628887694044
8633,998.3628887694044
8634,998.3628887694044
8635,998.3628887694044
8636,998.3628887694044
8637,998.3628887694044
8638,998.3628887694044
8639,998.3628887694044
8640,998.3628887694044
8641,998.3628887694044
8642,998.3628887694044
8643,998.3628887694044
8644,998.3628887694044
8645,998.3628887694044
8646,998.3628887694044
8647,998.3628887694044
8648,998.3628887694044
8649,998.3628887694044
8650,998.3628887694044
8651,998.3628887694044
8652,998.3628887694044
8653,998.3628887694044
8654,998.3628887694044
8655,998.3628887694044
8656,998.3628887694044
8657,998.3628887694044
8658,998.3628887694044
8659,998.3628887694044
8660,998.3628887694044
8661,998.3628887694044
8662,998.3628887694044
8663,998.3628887694044
8664,998.3628887694044
8665,998.3628887694044
8666,998.3628887694044
8667,998.3628887694044
8668,998.3628887694044
8669,998.3628887694044
8670,998.3628887694044
8671,998.3628887694044
8672,998.3628887694044
8673,998.3628887694044
8674,998.3628887694044
8675,998.3628887694044
8676,998.3628887694044
8677,998.3628887694044
8678,998.3628887694044
8679,998.3628887694044
8680,998.3628887694044
8681,998.3628887694044
8682,998.3628887694044
8683,998.3628887694044
8684,998.3628887694044
8685,998.3628887694044
8686,998.3628887694044
8687,998.3628887694044
8688,998.3628887694044
8689,998.3628887694044
8690,998.3628887694044
8691,998.3628887694044
8692,998.3628887694044
8693,998.3628887694044
8694,998.3628887694044
8695,998.3628887694044
8696,998.3628887694044
8697,998.3628887694044
8698,998.3628887694044
8699,998.3628887694044
8700,998.3628887694044
8701,998.3628887694044
8702,998.3628887694044
8703,998.3628887694044
8704,998.3628887694044
8705,998.3628887694044
8706,998.3628887694044
8707,998.3628887694044
8708,998.3628887694044
8709,998.3628887694044
8710,998.3628887694044
8711,998.3628887694044
8712,998.3628887694044
8713,998.3628887694044
8714,998.3628887694044
8715,998.3628887694044
8716,998.3628887694044
8717,998.3628887694044
8718,998.3628887694044
8719,998.3628887694044
8720,998.3628887694044
8721,998.3628887694044
8722,998.3628887694044
8723,998.3628887694044
8724,998.3628887694044
8725,998.3628887694044
8726,998.3628887694044
8727,998.3628887694044
8728,998.3628887694044
8729,998.3628887694044
8730,998.3628887694044
8731,998.3628887694044
8732,998.3628887694044
8733,998.3628887694044
8734,998.3628887694044
8735,998.3628887694044
8736,998.3628887694044
8737,998.3628887694044
8738,998.3628887694044
8739,998.3628887694044
8740,998.3628887694044
8741,998.3628887694044
8742,998.3628887694044
8743,998.3628887694044
8744,998.3628887694044
8745,998.3628887694044
8746,998.3628887694044
8747,998.3628887694044
8748,998.3628887694044
8749,998.3628887694044
8750,998.3628887694044
8751,998.3628887694044
8752,998.3628887694044
8753,998.3628887694044
8754,998.3628887694044
8755,998.3628887694044
8756,998.3628887694044
8757,998.3628887694044
8758,998.3628887694044
8759,998.3628887694044
8760,998.3628887694044
8761,998.3628887694044
8762,998.3628887694044
8763,998.3628887694044
8764,998.3628887694044
8765,998.3628887694044
8766,998.3628887694044
8767,998.3628887694044
8768,998.3628887694044
8769,998.3628887694044
8770,998.3628887694044
8771,998.3628887694044
8772,998.3628887694044
8773,998.3628887694044
8774,998.3628887694044
8775,998.3628887694044
8776,998.3628887694044
8777,998.3628887694044
8778,998.3628887694044
8779,998.3628887694044
8780,998.3628887694044
8781,998.3628887694044
8782,998.3628887694044
8783,998.3628887694044
8784,998.3628887694044
8785,998.3628887694044
8786,998.3628887694044
8787,998.3628887694044
8788,998.3628887694044
8789,998.3628887694044
8790,998.3628887694044
8791,998.3628887694044
8792,998.3628887694044
8793,998.3628887694044
8794,998.3628887694044
8795,998.3628887694044
8796,998.3628887694044
8797,998.3628887694044
8798,998.3628887694044
8799,998.3628887694044
8800,998.3628887694044
8801,998.3628887694044
8802,998.3628887694044
8803,998.3628887694044
8804,998.3628887694044
8805,998.3628887694044
8806,998.3628887694044
8807,998.3628887694044
8808,998.3628887694044
8809,998.3628887694044
8810,998.3628887694044
8811,998.3628887694044
8812,998.3628887694044
8813,998.3628887694044
8814,998.3628887694044
8815,998.3628887694044
8816,998.3628887694044
8817,998.3628887694044
8818,998.3628887694044
8819,998.3628887694044
8820,998.3628887694044
8821,998.3628887694044
8822,998.3628887694044
8823,998.3628887694044
8824,998.3628887694044
8825,998.3628887694044
8826,998.3628887694044
8827,998.3628887694044
8828,998.3628887694044
8829,998.3628887694044
8830,998.3628887694044
8831,998.3628887694044
8832,998.3628887694044
8833,998.3628887694044
8834,998.3628887694044
8835,998.3628887694044
8836,998.3628887694044
8837,998.3628887694044
8838,998.3628887694044
8839,998.3628887694044
8840,998.3628887694044
8841,998.3628887694044
8842,998.3628887694044
8843,998.3628887694044
8844,998.3628887694044
8845,998.3628887694044
8846,998.3628887694044
8847,998.3628887694044
8848,998.3628887694044
8849,998.3628887694044
8850,998.3628887694044
8851,998.3628887694044
8852,998.3628887694044
8853,998.3628887694044
8854,998.3628887694044
8855,998.3628887694044
8856,998.3628887694044
8857,998.3628887694044
8858,998.3628887694044
8859,998.3628887694044
8860,998.3628887694044
8861,998.3628887694044
8862,998.3628887694044
8863,998.3628887694044
8864,998.3628887694044
8865,998.3628887694044
8866,998.3628887694044
8867,998.3628887694044
8868,998.3628887694044
8869,998.3628887694044
8870,998.3628887694044
8871,998.3628887694044
8872,998.3628887694044
8873,998.3628887694044
8874,998.3628887694044
8875,998.3628887694044
8876,998.3628887694044
8877,998.3628887694044
8878,998.3628887694044
8879,998.3628887694044
8880,998.3628887694044
8881,998.3628887694044
8882,998.3628887694044
8883,998.3628887694044
8884,998.3628887694044
8885,998.3628887694044
8886,998.3628887694044
8887,998.3628887694044
8888,998.3628887694044
8889,998.3628887694044
8890,998.3628887694044
8891,998.3628887694044
8892,998.3628887694044
8893,998.3628887694044
8894,998.3628887694044
8895,998.3628887694044
8896,998.3628887694044
8897,998.3628887694044
8898,998.3628887694044
8899,998.3628887694044
8900,998.3628887694044
8901,998.3628887694044
8902,998.3628887694044
8903,998.3628887694044
8904,998.3628887694044
8905,998.3628887694044
8906,998.3628887694044
8907,998.3628887694044
8908,998.3628887694044
8909,998.3628887694044
8910,998.3628887694044
8911,998.3628887694044
8912,998.3628887694044
8913,998.3628887694044
8914,998.3628887694044
8915,998.3628887694044
8916,998.3628887694044
8917,998.3628887694044
8918,998.3628887694044
8919,998.3628887694044
8920,998.3628887694044
8921,998.3628887694044
8922,998.3628887694044
8923,998.3628887694044
8924,998.3628887694044
8925,998.3628887694044
8926,998.3628887694044
8927,998.3628887694044
8928,998.3628887694044
8929,998.3628887694044
8930,998.3628887694044
8931,998.3628887694044
8932,998.3628887694044
8933,998.3628887694044
8934,998.3628887694044
8935,998.3628887694044
8936,998.3628887694044
8937,998.3628887694044
8938,998.3628887694044
8939,998.3628887694044
8940,998.3628887694044
8941,998.3628887694044
8942,998.3628887694044
8943,998.3628887694044
8944,998.3628887694044
8945,998.3628887694044
8946,998.3628887694044
8947,998.3628887694044
8948,998.3628887694044
8949,998.3628887694044
8950,998.3628887694044
8951,998.3628887694044
8952,998.3628887694044
8953,998.3628887694044
8954,998.3628887694044
8955,998.3628887694044
8956,998.3628887694044
8957,998.3628887694044
8958,998.3628887694044
8959,998.3628887694044
8960,998.3628887694044
8961,998.3628887694044
8962,998.3628887694044
8963,998.3628887694044
8964,998.3628887694044
8965,998.3628887694044
8966,998.3628887694044
8967,998.3628887694044
8968,998.3628887694044
8969,998.3628887694044
8970,998.3628887694044
8971,998.3628887694044
8972,998.3628887694044
8973,998.3628887694044
8974,998.3628887694044
8975,998.3628887694044
8976,998.3628887694044
8977,998.3628887694044
8978,998.3628887694044
8979,998.3628887694044
8980,998.3628887694044
8981,998.3628887694044
8982,998.3628887694044
8983,998.3628887694044
8984,998.3628887694044
8985,998.3628887694044
8986,998.3628887694044
8987,998.3628887694044
8988,998.3628887694044
8989,998.3628887694044
8990,998.3628887694044
8991,998.3628887694044
8992,998.3628887694044
8993,998.3628887694044
8994,998.3628887694044
8995,998.3628887694044
8996,998.3628887694044
8997,998.3628887694044
8998,998.3628887694044
8999,998.3628887694044
9000,998.3628887694044
9001,998.3628887694044
9002,998.3628887694044
9003,998.3628887694044
9004,998.3628887694044
9005,998.3628887694044
9006,998.3628887694044
9007,998.3628887694044
9008,998.3628887694044
9009,998.3628887694044
9010,998.3628887694044
9011,998.3628887694044
9012,998.3628887694044
9013,998.3628887694044
9014,998.3628887694044
9015,998.3628887694044
9016,998.3628887694044
9017,998.3628887694044
9018,998.3628887694044
9019,998.3628887694044
9020,998.3628887694044
9021,998.3628887694044
9022,998.3628887694044
9023,998.3628887694044
9024,998.3628887694044
9025,998.3628887694044
9026,998.3628887694044
9027,998.3628887694044
9028,998.3628887694044
9029,998.3628887694044
9030,998.3628887694044
9031,998.3628887694044
9032,998.3628887694044
9033,998.3628887694044
9034,998.3628887694044
9035,998.3628887694044
9036,998.3628887694044
9037,998.3628887694044
9038,998.3628887694044
9039,998.3628887694044
9040,998.3628887694044
9041,998.3628887694044
9042,998.3628887694044
9043,998.3628887694044
9044,998.3628887694044
9045,998.3628887694044
9046,998.3628887694044
9047,998.3628887694044
9048,998.3628887694044
9049,998.3628887694044
9050,998.3628887694044
9051,998.3628887694044
9052,998.3628887694044
9053,998.3628887694044
9054,998.3628887694044
9055,998.3628887694044
9056,998.3628887694044
9057,998.3628887694044
9058,998.3628887694044
9059,998.3628887694044
9060,998.3628887694044
9061,998.3628887694044
9062,998.3628887694044
9063,998.3628887694044
9064,998.3628887694044
9065,998.3628887694044
9066,998.3628887694044
9067,998.3628887694044
9068,998.3628887694044
9069,998.3628887694044
9070,998.3628887694044
9071,998.3628887694044
9072,998.3628887694044
9073,998.3628887694044
9074,998.3628887694044
9075,998.3628887694044
9076,998.3628887694044
9077,998.3628887694044
9078,998.3628887694044
9079,998.3628887694044
9080,998.3628887694044
9081,998.3628887694044
9082,998.3628887694044
9083,998.3628887694044
9084,998.3628887694044
9085,998.3628887694044
9086,998.3628887694044
9087,998.3628887694044
9088,998.3628887694044
9089,998.3628887694044
9090,998.3628887694044
9091,998.3628887694044
9092,998.3628887694044
9093,998.3628887694044
9094,998.3628887694044
9095,998.3628887694044
9096,998.3628887694044
9097,998.3628887694044
9098,998.3628887694044
9099,998.3628887694044
9100,998.3628887694044
9101,998.3628887694044
9102,998.3628887694044
9103,998.3628887694044
9104,998.3628887694044
9105,998.3628887694044
9106,998.3628887694044
9107,998.3628887694044
9108,998.3628887694044
9109,998.3628887694044
9110,998.3628887694044
9111,998.3628887694044
9112,998.3628887694044
9113,998.3628887694044
9114,998.3628887694044
9115,998.3628887694044
9116,998.3628887694044
9117,998.3628887694044
9118,998.3628887694044
9119,998.3628887694044
9120,998.3628887694044
9121,998.3628887694044
9122,998.3628887694044
9123,998.3628887694044
9124,998.3628887694044
9125,998.3628887694044
9126,998.3628887694044
9127,998.3628887694044
9128,998.3628887694044
9129,998.3628887694044
9130,998.3628887694044
9131,998.3628887694044
9132,998.3628887694044
9133,998.3628887694044
9134,998.3628887694044
9135,998.3628887694044
9136,998.3628887694044
9137,998.3628887694044
9138,998.3628887694044
9139,998.3628887694044
9140,998.3628887694044
9141,998.3628887694044
9142,998.3628887694044
9143,998.3628887694044
9144,998.3628887694044
9145,998.3628887694044
9146,998.3628887694044
9147,998.3628887694044
9148,998.3628887694044
9149,998.3628887694044
9150,998.3628887694044
9151,998.3628887694044
9152,998.3628887694044
9153,998.3628887694044
9154,998.3628887694044
9155,998.3628887694044
9156,998.3628887694044
9157,998.3628887694044
9158,998.3628887694044
9159,998.3628887694044
9160,998.3628887694044
9161,998.3628887694044
9162,998.3628887694044
9163,998.3628887694044
9164,998.3628887694044
9165,998.3628887694044
9166,998.3628887694044
9167,998.3628887694044
9168,998.3628887694044
9169,998.3628887694044
9170,998.3628887694044
9171,998.3628887694044
9172,998.3628887694044
9173,998.3628887694044
9174,998.3628887694044
9175,998.3628887694044
9176,998.3628887694044
9177,998.3628887694044
9178,998.3628887694044
9179,998.3628887694044
9180,998.3628887694044
9181,998.3628887694044
9182,998.3628887694044
9183,998.3628887694044
9184,998.3628887694044
9185,998.3628887694044
9186,998.3628887694044
9187,998.3628887694044
9188,998.3628887694044
9189,998.3628887694044
9190,998.3628887694044
9191,998.3628887694044
9192,998.3628887694044
9193,998.3628887694044
9194,998.3628887694044
9195,998.3628887694044
9196,998.3628887694044
9197,998.3628887694044
9198,998.3628887694044
9199,998.3628887694044
9200,998.3628887694044
9201,998.3628887694044
9202,998.3628887694044
9203,998.3628887694044
9204,998.3628887694044
9205,998.3628887694044
9206,998.3628887694044
9207,998.3628887694044
9208,998.3628887694044
9209,998.3628887694044
9210,998.3628887694044
9211,998.3628887694044
9212,998.3628887694044
9213,998.3628887694044
9214,998.3628887694044
9215,998.3628887694044
9216,998.3628887694044
9217,998.3628887694044
9218,998.3628887694044
9219,998.3628887694044
9220,998.3628887694044
9221,998.3628887694044
9222,998.3628887694044
9223,998.3628887694044
9224,998.3628887694044
9225,998.3628887694044
9226,998.3628887694044
9227,998.3628887694044
9228,998.3628887694044
9229,998.3628887694044
9230,998.3628887694044
9231,998.3628887694044
9232,998.3628887694044
9233,998.3628887694044
9234,998.3628887694044
9235,998.3628887694044
9236,998.3628887694044
9237,998.3628887694044
9238,998.3628887694044
9239,998.3628887694044
9240,998.3628887694044
9241,998.3628887694044
9242,998.3628887694044
9243,998.3628887694044
9244,998.3628887694044
9245,998.3628887694044
9246,998.3628887694044
9247,998.3628887694044
9248,998.3628887694044
9249,998.3628887694044
9250,998.3628887694044
9251,998.3628887694044
9252,998.3628887694044
9253,998.3628887694044
9254,998.3628887694044
9255,998.3628887694044
9256,998.3628887694044
9257,998.3628887694044
9258,998.3628887694044
9259,998.3628887694044
9260,998.3628887694044
9261,998.3628887694044
9262,998.3628887694044
9263,998.3628887694044
9264,998.3628887694044
9265,998.3628887694044
9266,998.3628887694044
9267,998.3628887694044
9268,998.3628887694044
9269,998.3628887694044
9270,998.3628887694044
9271,998.3628887694044
9272,998.3628887694044
9273,998.3628887694044
9274,998.3628887694044
9275,998.3628887694044
9276,998.3628887694044
9277,998.3628887694044
9278,998.3628887694044
9279,998.3628887694044
9280,998.3628887694044
9281,998.3628887694044
9282,998.3628887694044
9283,998.3628887694044
9284,998.3628887694044
9285,998.3628887694044
9286,998.3628887694044
9287,998.3628887694044
9288,998.3628887694044
9289,998.3628887694044
9290,998.3628887694044
9291,998.3628887694044
9292,998.3628887694044
9293,998.3628887694044
9294,998.3628887694044
9295,998.3628887694044
9296,998.3628887694044
9297,998.3628887694044
9298,998.3628887694044
9299,998.3628887694044
9300,998.3628887694044
9301,998.3628887694044
9302,998.3628887694044
9303,998.3628887694044
9304,998.3628887694044
9305,998.3628887694044
9306,998.3628887694044
9307,998.3628887694044
9308,998.3628887694044
9309,998.3628887694044
9310,998.3628887694044
9311,998.3628887694044
9312,998.3628887694044
9313,998.3628887694044
9314,998.3628887694044
9315,998.3628887694044
9316,998.3628887694044
9317,998.3628887694044
9318,998.3628887694044
9319,998.3628887694044
9320,998.3628887694044
9321,998.3628887694044
9322,998.3628887694044
9323,998.3628887694044
9324,998.3628887694044
9325,998.3628887694044
9326,998.3628887694044
9327,998.3628887694044
9328,998.3628887694044
9329,998.3628887694044
9330,998.3628887694044
9331,998.3628887694044
9332,998.3628887694044
9333,998.3628887694044
9334,998.3628887694044
9335,998.3628887694044
9336,998.3628887694044
9337,998.3628887694044
9338,998.3628887694044
9339,998.3628887694044
9340,998.3628887694044
9341,998.3628887694044
9342,998.3628887694044
9343,998.3628887694044
9344,998.3628887694044
9345,998.3628887694044
9346,998.3628887694044
9347,998.3628887694044
9348,998.3628887694044
9349,998.3628887694044
9350,998.3628887694044
9351,998.3628887694044
9352,998.3628887694044
9353,998.3628887694044
9354,998.3628887694044
9355,998.3628887694044
9356,998.3628887694044
9357,998.3628887694044
9358,998.3628887694044
9359,998.3628887694044
9360,998.3628887694044
9361,998.3628887694044
9362,998.3628887694044
9363,998.3628887694044
9364,998.3628887694044
9365,998.3628887694044
9366,998.3628887694044
9367,998.3628887694044
9368,998.3628887694044
9369,998.3628887694044
9370,998.3628887694044
9371,998.3628887694044
9372,998.3628887694044
9373,998.3628887694044
9374,998.3628887694044
9375,998.3628887694044
9376,998.3628887694044
9377,998.3628887694044
9378,998.3628887694044
9379,998.3628887694044
9380,998.3628887694044
9381,998.3628887694044
9382,998.3628887694044
9383,998.3628887694044
9384,998.3628887694044
9385,998.3628887694044
9386,998.3628887694044
9387,998.3628887694044
9388,998.3628887694044
9389,998.3628887694044
9390,998.3628887694044
9391,998.3628887694044
9392,998.3628887694044
9393,998.3628887694044
9394,998.3628887694044
9395,998.3628887694044
9396,998.3628887694044
9397,998.3628887694044
9398,998.3628887694044
9399,998.3628887694044
9400,998.3628887694044
9401,998.3628887694044
9402,998.3628887694044
9403,998.3628887694044
9404,998.3628887694044
9405,998.3628887694044
9406,998.3628887694044
9407,998.3628887694044
9408,998.3628887694044
9409,998.3628887694044
9410,998.3628887694044
9411,998.3628887694044
9412,998.3628887694044
9413,998.3628887694044
9414,998.3628887694044
9415,998.3628887694044
9416,998.3628887694044
9417,998.3628887694044
9418,998.3628887694044
9419,998.3628887694044
9420,998.3628887694044
9421,998.3628887694044
9422,998.3628887694044
9423,998.3628887694044
9424,998.3628887694044
9425,998.3628887694044
9426,998.3628887694044
9427,998.3628887694044
9428,998.3628887694044
9429,998.3628887694044
9430,998.3628887694044
9431,998.3628887694044
9432,998.3628887694044
9433,998.3628887694044
9434,998.3628887694044
9435,998.3628887694044
9436,998.3628887694044
9437,998.3628887694044
9438,998.3628887694044
9439,998.3628887694044
9440,998.3628887694044
9441,998.3628887694044
9442,998.3628887694044
9443,998.3628887694044
9444,998.3628887694044
9445,998.3628887694044
9446,998.3628887694044
9447,998.3628887694044
9448,998.3628887694044
9449,998.3628887694044
9450,998.3628887694044
9451,998.3628887694044
9452,998.3628887694044
9453,998.3628887694044
9454,998.3628887694044
9455,998.3628887694044
9456,998.3628887694044
9457,998.3628887694044
9458,998.3628887694044
9459,998.3628887694044
9460,998.3628887694044
9461,998.3628887694044
9462,998.3628887694044
9463,998.3628887694044
9464,998.3628887694044
9465,998.3628887694044
9466,998.3628887694044
9467,998.3628887694044
9468,998.3628887694044
9469,998.3628887694044
9470,998.3628887694044
9471,998.3628887694044
9472,998.3628887694044
9473,998.3628887694044
9474,998.3628887694044
9475,998.3628887694044
9476,998.3628887694044
9477,998.3628887694044
9478,998.3628887694044
9479,998.3628887694044
9480,998.3628887694044
9481,998.3628887694044
9482,998.3628887694044
9483,998.3628887694044
9484,998.3628887694044
9485,998.3628887694044
9486,998.3628887694044
9487,998.3628887694044
9488,998.3628887694044
9489,998.3628887694044
9490,998.3628887694044
9491,998.3628887694044
9492,998.3628887694044
9493,998.3628887694044
9494,998.3628887694044
9495,998.3628887694044
9496,998.3628887694044
9497,998.3628887694044
9498,998.3628887694044
9499,998.3628887694044
9500,998.3628887694044
9501,998.3628887694044
9502,998.3628887694044
9503,998.3628887694044
9504,998.3628887694044
9505,998.3628887694044
9506,998.3628887694044
9507,998.3628887694044
9508,998.3628887694044
9509,998.3628887694044
9510,998.3628887694044
9511,998.3628887694044
9512,998.3628887694044
9513,998.3628887694044
9514,998.3628887694044
9515,998.3628887694044
9516,998.3628887694044
9517,998.3628887694044
9518,998.3628887694044
9519,998.3628887694044
9520,998.3628887694044
9521,998.3628887694044
9522,998.3628887694044
9523,998.3628887694044
9524,998.3628887694044
9525,998.3628887694044
9526,998.3628887694044
9527,998.3628887694044
9528,998.3628887694044
9529,998.3628887694044
9530,998.3628887694044
9531,998.3628887694044
9532,998.3628887694044
9533,998.3628887694044
9534,998.3628887694044
9535,998.3628887694044
9536,998.3628887694044
9537,998.3628887694044
9538,998.3628887694044
9539,998.3628887694044
9540,998.3628887694044
9541,998.3628887694044
9542,998.3628887694044
9543,998.3628887694044
9544,998.3628887694044
9545,998.3628887694044
9546,998.3628887694044
9547,998.3628887694044
9548,998.3628887694044
9549,998.3628887694044
9550,998.3628887694044
9551,998.3628887694044
9552,998.3628887694044
9553,998.3628887694044
9554,998.3628887694044
9555,998.3628887694044
9556,998.3628887694044
9557,998.3628887694044
9558,998.3628887694044
9559,998.3628887694044
9560,998.3628887694044
9561,998.3628887694044
9562,998.3628887694044
9563,998.3628887694044
9564,998.3628887694044
9565,998.3628887694044
9566,998.3628887694044
9567,998.3628887694044
9568,998.3628887694044
9569,998.3628887694044
9570,998.3628887694044
9571,998.3628887694044
9572,998.3628887694044
9573,998.3628887694044
9574,998.3628887694044
9575,998.3628887694044
9576,998.3628887694044
9577,998.3628887694044
9578,998.3628887694044
9579,998.3628887694044
9580,998.3628887694044
9581,998.3628887694044
9582,998.3628887694044
9583,998.3628887694044
9584,998.3628887694044
9585,998.3628887694044
9586,998.3628887694044
9587,998.3628887694044
9588,998.3628887694044
9589,998.3628887694044
9590,998.3628887694044
9591,998.3628887694044
9592,998.3628887694044
9593,998.3628887694044
9594,998.3628887694044
9595,998.3628887694044
9596,998.3628887694044
9597,998.3628887694044
9598,998.3628887694044
9599,998.3628887694044
9600,998.3628887694044
9601,998.3628887694044
9602,998.3628887694044
9603,998.3628887694044
9604,998.3628887694044
9605,998.3628887694044
9606,998.3628887694044
9607,998.3628887694044
9608,998.3628887694044
9609,998.3628887694044
9610,998.3628887694044
9611,998.3628887694044
9612,998.3628887694044
9613,998.3628887694044
9614,998.3628887694044
9615,998.3628887694044
9616,998.3628887694044
9617,998.3628887694044
9618,998.3628887694044
9619,998.3628887694044
9620,998.3628887694044
9621,998.3628887694044
9622,998.3628887694044
9623,998.3628887694044
9624,998.3628887694044
9625,998.3628887694044
9626,998.3628887694044
9627,998.3628887694044
9628,998.3628887694044
9629,998.3628887694044
9630,998.3628887694044
9631,998.3628887694044
9632,998.3628887694044
9633,998.3628887694044
9634,998.3628887694044
9635,998.3628887694044
9636,998.3628887694044
9637,998.3628887694044
9638,998.3628887694044
9639,998.3628887694044
9640,998.3628887694044
9641,998.3628887694044
9642,998.3628887694044
9643,998.3628887694044
9644,998.3628887694044
9645,998.3628887694044
9646,998.3628887694044
9647,998.3628887694044
9648,998.3628887694044
9649,998.3628887694044
9650,998.3628887694044
9651,998.3628887694044
9652,998.3628887694044
9653,998.3628887694044
9654,998.3628887694044
9655,998.3628887694044
9656,998.3628887694044
9657,998.3628887694044
9658,998.3628887694044
9659,998.3628887694044
9660,998.3628887694044
9661,998.3628887694044
9662,998.3628887694044
9663,998.3628887694044
9664,998.3628887694044
9665,998.3628887694044
9666,998.3628887694044
9667,998.3628887694044
9668,998.3628887694044
9669,998.3628887694044
9670,998.3628887694044
9671,998.3628887694044
9672,998.3628887694044
9673,998.3628887694044
9674,998.3628887694044
9675,998.3628887694044
9676,998.3628887694044
9677,998.3628887694044
9678,998.3628887694044
9679,998.3628887694044
9680,998.3628887694044
9681,998.3628887694044
9682,998.3628887694044
9683,998.3628887694044
9684,998.3628887694044
9685,998.3628887694044
9686,998.3628887694044
9687,998.3628887694044
9688,998.3628887694044
9689,998.3628887694044
9690,998.3628887694044
9691,998.3628887694044
9692,998.3628887694044
9693,998.3628887694044
9694,998.3628887694044
9695,998.3628887694044
9696,998.3628887694044
9697,998.3628887694044
9698,998.3628887694044
9699,998.3628887694044
9700,998.3628887694044
9701,998.3628887694044
9702,998.3628887694044
9703,998.3628887694044
9704,998.3628887694044
9705,998.3628887694044
9706,998.3628887694044
9707,998.3628887694044
9708,998.3628887694044
9709,998.3628887694044
9710,998.3628887694044
9711,998.3628887694044
9712,998.3628887694044
9713,998.3628887694044
9714,998.3628887694044
9715,998.3628887694044
9716,998.3628887694044
9717,998.3628887694044
9718,998.3628887694044
9719,998.3628887694044
9720,998.3628887694044
9721,998.3628887694044
9722,998.3628887694044
9723,998.3628887694044
9724,998.3628887694044
9725,998.3628887694044
9726,998.3628887694044
9727,998.3628887694044
9728,998.3628887694044
9729,998.3628887694044
9730,998.3628887694044
9731,998.3628887694044
9732,998.3628887694044
9733,998.3628887694044
9734,998.3628887694044
9735,998.3628887694044
9736,998.3628887694044
9737,998.3628887694044
9738,998.3628887694044
9739,998.3628887694044
9740,998.3628887694044
9741,998.3628887694044
9742,998.3628887694044
9743,998.3628887694044
9744,998.3628887694044
9745,998.3628887694044
9746,998.3628887694044
9747,998.3628887694044
9748,998.3628887694044
9749,998.3628887694044
9750,998.3628887694044
9751,998.3628887694044
9752,998.3628887694044
9753,998.3628887694044
9754,998.3628887694044
9755,998.3628887694044
9756,998.3628887694044
9757,998.3628887694044
9758,998.3628887694044
9759,998.3628887694044
9760,998.3628887694044
9761,998.3628887694044
9762,998.3628887694044
9763,998.3628887694044
9764,998.3628887694044
9765,998.3628887694044
9766,998.3628887694044
9767,998.3628887694044
9768,998.3628887694044
9769,998.3628887694044
9770,998.3628887694044
9771,998.3628887694044
9772,998.3628887694044
9773,998.3628887694044
9774,998.3628887694044
9775,998.3628887694044
9776,998.3628887694044
9777,998.3628887694044
9778,998.3628887694044
9779,998.3628887694044
9780,998.3628887694044
9781,998.3628887694044
9782,998.3628887694044
9783,998.3628887694044
9784,998.3628887694044
9785,998.3628887694044
9786,998.3628887694044
9787,998.3628887694044
9788,998.3628887694044
9789,998.3628887694044
9790,998.3628887694044
9791,998.3628887694044
9792,998.3628887694044
9793,998.3628887694044
9794,998.3628887694044
9795,998.3628887694044
9796,998.3628887694044
9797,998.3628887694044
9798,998.3628887694044
9799,998.3628887694044
9800,998.3628887694044
9801,998.3628887694044
9802,998.3628887694044
9803,998.3628887694044
9804,998.3628887694044
9805,998.3628887694044
9806,998.3628887694044
9807,998.3628887694044
9808,998.3628887694044
9809,998.3628887694044
9810,998.3628887694044
9811,998.3628887694044
9812,998.3628887694044
9813,998.3628887694044
9814,998.3628887694044
9815,998.3628887694044
9816,998.3628887694044
9817,998.3628887694044
9818,998.3628887694044
9819,998.3628887694044
9820,998.3628887694044
9821,998.3628887694044
9822,998.3628887694044
9823,998.3628887694044
9824,998.3628887694044
9825,998.3628887694044
9826,998.3628887694044
9827,998.3628887694044
9828,998.3628887694044
9829,998.3628887694044
9830,998.3628887694044
9831,998.3628887694044
9832,998.3628887694044
9833,998.3628887694044
9834,998.3628887694044
9835,998.3628887694044
9836,998.3628887694044
9837,998.3628887694044
9838,998.3628887694044
9839,998.3628887694044
9840,998.3628887694044
9841,998.3628887694044
9842,998.3628887694044
9843,998.3628887694044
9844,998.3628887694044
9845,998.3628887694044
9846,998.3628887694044
9847,998.3628887694044
9848,998.3628887694044
9849,998.3628887694044
9850,998.3628887694044
9851,998.3628887694044
9852,998.3628887694044
9853,998.3628887694044
9854,998.3628887694044
9855,998.3628887694044
9856,998.3628887694044
9857,998.3628887694044
9858,998.3628887694044
9859,998.3628887694044
9860,998.3628887694044
9861,998.3628887694044
9862,998.3628887694044
9863,998.3628887694044
9864,998.3628887694044
9865,998.3628887694044
9866,998.3628887694044
9867,998.3628887694044
9868,998.3628887694044
9869,998.3628887694044
9870,998.3628887694044
9871,998.3628887694044
9872,998.3628887694044
9873,998.3628887694044
9874,998.3628887694044
9875,998.3628887694044
9876,998.3628887694044
9877,998.3628887694044
9878,998.3628887694044
9879,998.3628887694044
9880,998.3628887694044
9881,998.3628887694044
9882,998.3628887694044
9883,998.3628887694044
9884,998.3628887694044
9885,998.3628887694044
9886,998.3628887694044
9887,998.3628887694044
9888,998.3628887694044
9889,998.3628887694044
9890,998.3628887694044
9891,998.3628887694044
9892,998.3628887694044
9893,998.3628887694044
9894,998.3628887694044
9895,998.3628887694044
9896,998.3628887694044
9897,998.3628887694044
9898,998.3628887694044
9899,998.3628887694044
9900,998.3628887694044
9901,998.3628887694044
9902,998.3628887694044
9903,998.3628887694044
9904,998.3628887694044
9905,998.3628887694044
9906,998.3628887694044
9907,998.3628887694044
9908,998.3628887694044
9909,998.3628887694044
9910,998.3628887694044
9911,998.3628887694044
9912,998.3628887694044
9913,998.3628887694044
9914,998.3628887694044
9915,998.3628887694044
9916,998.3628887694044
9917,998.3628887694044
9918,998.3628887694044
9919,998.3628887694044
9920,998.3628887694044
9921,998.3628887694044
9922,998.3628887694044
9923,998.3628887694044
9924,998.3628887694044
9925,998.3628887694044
9926,998.3628887694044
9927,998.3628887694044
9928,998.3628887694044
9929,998.3628887694044
9930,998.3628887694044
9931,998.3628887694044
9932,998.3628887694044
9933,998.3628887694044
9934,998.3628887694044
9935,998.3628887694044
9936,998.3628887694044
9937,998.3628887694044
9938,998.3628887694044
9939,998.3628887694044
9940,998.3628887694044
9941,998.3628887694044
9942,998.3628887694044
9943,998.3628887694044
9944,998.3628887694044
9945,998.3628887694044
9946,998.3628887694044
9947,998.3628887694044
9948,998.3628887694044
9949,998.3628887694044
9950,998.3628887694044
9951,998.3628887694044
9952,998.3628887694044
9953,998.3628887694044
9954,998.3628887694044
9955,998.3628887694044
9956,998.3628887694044
9957,998.3628887694044
9958,998.3628887694044
9959,998.3628887694044
9960,998.3628887694044
9961,998.3628887694044
9962,998.3628887694044
9963,998.3628887694044
9964,998.3628887694044
9965,998.3628887694044
9966,998.3628887694044
9967,998.3628887694044
9968,998.3628887694044
9969,998.3628887694044
9970,998.3628887694044
9971,998.3628887694044
9972,998.3628887694044
9973,998.3628887694044
9974,998.3628887694044
9975,998.3628887694044
9976,998.3628887694044
9977,998.3628887694044
9978,998.3628887694044
9979,998.3628887694044
9980,998.3628887694044
9981,998.3628887694044
9982,998.3628887694044
9983,998.3628887694044
9984,998.3628887694044
9985,998.3628887694044
9986,998.3628887694044
9987,998.3628887694044
9988,998.3628887694044
9989,998.3628887694044
9990,998.3628887694044
9991,998.3628887694044
9992,998.3628887694044
9993,998.3628887694044
9994,998.3628887694044
9995,998.3628887694044
9996,998.3628887694044
9997,998.3628887694044
9998,998.3628887694044
9999,998.3628887694044
10000,998.3628887694044
10001,998.3628887694044
10002,998.3628887694044
10003,998.3628887694044
10004,998.3628887694044
10005,998.3628887694044
10006,998.3628887694044
10007,998.3628887694044
10008,998.3628887694044
10009,998.3628887694044
10010,998.3628887694044
10011,998.3628887694044
10012,998.3628887694044
10013,998.3628887694044
10014,998.3628887694044
10015,998.3628887694044
10016,998.3628887694044
10017,998.3628887694044
10018,998.3628887694044
10019,998.3628887694044
10020,998.3628887694044
10021,998.3628887694044
10022,998.3628887694044
10023,998.3628887694044
10024,998.3628887694044
10025,998.3628887694044
10026,998.3628887694044
10027,998.3628887694044
10028,998.3628887694044
10029,998.3628887694044
10030,998.3628887694044
10031,998.3628887694044
10032,998.3628887694044
10033,998.3628887694044
10034,998.3628887694044
10035,998.3628887694044
10036,998.3628887694044
10037,998.3628887694044
10038,998.3628887694044
10039,998.3628887694044
10040,998.3628887694044
10041,998.3628887694044
10042,998.3628887694044
10043,998.3628887694044
10044,998.3628887694044
10045,998.3628887694044
10046,998.3628887694044
10047,998.3628887694044
10048,998.3628887694044
10049,998.3628887694044
10050,998.3628887694044
10051,998.3628887694044
10052,998.3628887694044
10053,998.3628887694044
10054,998.3628887694044
10055,998.3628887694044
10056,998.3628887694044
10057,998.3628887694044
10058,998.3628887694044
10059,998.3628887694044
10060,998.3628887694044
10061,998.3628887694044
10062,998.3628887694044
10063,998.3628887694044
10064,998.3628887694044
10065,998.3628887694044
10066,998.3628887694044
10067,998.3628887694044
10068,998.3628887694044
10069,998.3628887694044
10070,998.3628887694044
10071,998.3628887694044
10072,998.3628887694044
10073,998.3628887694044
10074,998.3628887694044
10075,998.3628887694044
10076,998.3628887694044
10077,998.3628887694044
10078,998.3628887694044
10079,998.3628887694044
10080,998.3628887694044
10081,998.3628887694044
10082,998.3628887694044
10083,998.3628887694044
10084,998.3628887694044
10085,998.3628887694044
10086,998.3628887694044
10087,998.3628887694044
10088,998.3628887694044
10089,998.3628887694044
10090,998.3628887694044
10091,998.3628887694044
10092,998.3628887694044
10093,998.3628887694044
10094,998.3628887694044
10095,998.3628887694044
10096,998.3628887694044
10097,998.3628887694044
10098,998.3628887694044
10099,998.3628887694044
10100,998.3628887694044
10101,998.3628887694044
10102,998.3628887694044
10103,998.3628887694044
10104,998.3628887694044
10105,998.3628887694044
10106,998.3628887694044
10107,998.3628887694044
10108,998.3628887694044
10109,998.3628887694044
10110,998.3628887694044
10111,998.3628887694044
10112,998.3628887694044
10113,998.3628887694044
10114,998.3628887694044
10115,998.3628887694044
10116,998.3628887694044
10117,998.3628887694044
10118,998.3628887694044
10119,998.3628887694044
10120,998.3628887694044
10121,998.3628887694044
10122,998.3628887694044
10123,998.3628887694044
10124,998.3628887694044
10125,998.3628887694044
10126,998.3628887694044
10127,998.3628887694044
10128,998.3628887694044
10129,998.3628887694044
10130,998.3628887694044
10131,998.3628887694044
10132,998.3628887694044
10133,998.3628887694044
10134,998.3628887694044
10135,998.3628887694044
10136,998.3628887694044
10137,998.3628887694044
10138,998.3628887694044
10139,998.3628887694044
10140,998.3628887694044
10141,998.3628887694044
10142,998.3628887694044
10143,998.3628887694044
10144,998.3628887694044
10145,998.3628887694044
10146,998.3628887694044
10147,998.3628887694044
10148,998.3628887694044
10149,998.3628887694044
10150,998.3628887694044
10151,998.3628887694044
10152,998.3628887694044
10153,998.3628887694044
10154,998.3628887694044
10155,998.3628887694044
10156,998.3628887694044
10157,998.3628887694044
10158,998.3628887694044
10159,998.3628887694044
10160,998.3628887694044
10161,998.3628887694044
10162,998.3628887694044
10163,998.3628887694044
10164,998.3628887694044
10165,998.3628887694044
10166,998.3628887694044
10167,998.3628887694044
10168,998.3628887694044
10169,998.3628887694044
10170,998.3628887694044
10171,998.3628887694044
10172,998.3628887694044
10173,998.3628887694044
10174,998.3628887694044
10175,998.3628887694044
10176,998.3628887694044
10177,998.3628887694044
10178,998.3628887694044
10179,998.3628887694044
10180,998.3628887694044
10181,998.3628887694044
10182,998.3628887694044
10183,998.3628887694044
10184,998.3628887694044
10185,998.3628887694044
10186,998.3628887694044
10187,998.3628887694044
10188,998.3628887694044
10189,998.3628887694044
10190,998.3628887694044
10191,998.3628887694044
10192,998.3628887694044
10193,998.3628887694044
10194,998.3628887694044
10195,998.3628887694044
10196,998.3628887694044
10197,998.3628887694044
10198,998.3628887694044
10199,998.3628887694044
10200,998.3628887694044
10201,998.3628887694044
10202,998.3628887694044
10203,998.3628887694044
10204,998.3628887694044
10205,998.3628887694044
10206,998.3628887694044
10207,998.3628887694044
10208,998.3628887694044
10209,998.3628887694044
10210,998.3628887694044
10211,998.3628887694044
10212,998.3628887694044
10213,998.3628887694044
10214,998.3628887694044
10215,998.3628887694044
10216,998.3628887694044
10217,998.3628887694044
10218,998.3628887694044
10219,998.3628887694044
10220,998.3628887694044
10221,998.3628887694044
10222,998.3628887694044
10223,998.3628887694044
10224,998.3628887694044
10225,998.3628887694044
10226,998.3628887694044
10227,998.3628887694044
10228,998.3628887694044
10229,998.3628887694044
10230,998.3628887694044
10231,998.3628887694044
10232,998.3628887694044
10233,998.3628887694044
10234,998.3628887694044
10235,998.3628887694044
10236,998.3628887694044
10237,998.3628887694044
10238,998.3628887694044
10239,998.3628887694044
10240,998.3628887694044
10241,998.3628887694044
10242,998.3628887694044
10243,998.3628887694044
10244,998.3628887694044
10245,998.3628887694044
10246,998.3628887694044
10247,998.3628887694044
10248,998.3628887694044
10249,998.3628887694044
10250,998.3628887694044
10251,998.3628887694044
10252,998.3628887694044
10253,998.3628887694044
10254,998.3628887694044
10255,998.3628887694044
10256,998.3628887694044
10257,998.3628887694044
10258,998.3628887694044
10259,998.3628887694044
10260,998.3628887694044
10261,998.3628887694044
10262,998.3628887694044
10263,998.3628887694044
10264,998.3628887694044
10265,998.3628887694044
10266,998.3628887694044
10267,998.3628887694044
10268,998.3628887694044
10269,998.3628887694044
10270,998.3628887694044
10271,998.3628887694044
10272,998.3628887694044
10273,998.3628887694044
10274,998.3628887694044
10275,998.3628887694044
10276,998.3628887694044
10277,998.3628887694044
10278,998.3628887694044
10279,998.3628887694044
10280,998.3628887694044
10281,998.3628887694044
10282,998.3628887694044
10283,998.3628887694044
10284,998.3628887694044
10285,998.3628887694044
10286,998.3628887694044
10287,998.3628887694044
10288,998.3628887694044
10289,998.3628887694044
10290,998.3628887694044
10291,998.3628887694044
10292,998.3628887694044
10293,998.3628887694044
10294,998.3628887694044
10295,998.3628887694044
10296,998.3628887694044
10297,998.3628887694044
10298,998.3628887694044
10299,998.3628887694044
10300,998.3628887694044
10301,998.3628887694044
10302,998.3628887694044
10303,998.3628887694044
10304,998.3628887694044
10305,998.3628887694044
10306,998.3628887694044
10307,998.3628887694044
10308,998.3628887694044
10309,998.3628887694044
10310,998.3628887694044
10311,998.3628887694044
10312,998.3628887694044
10313,998.3628887694044
10314,998.3628887694044
10315,998.3628887694044
10316,998.3628887694044
10317,998.3628887694044
10318,998.3628887694044
10319,998.3628887694044
10320,998.3628887694044
10321,998.3628887694044
10322,998.3628887694044
10323,998.3628887694044
10324,998.3628887694044
10325,998.3628887694044
10326,998.3628887694044
10327,998.3628887694044
10328,998.3628887694044
10329,998.3628887694044
10330,998.3628887694044
10331,998.3628887694044
10332,998.3628887694044
10333,998.3628887694044
10334,998.3628887694044
10335,998.3628887694044
10336,998.3628887694044
10337,998.3628887694044
10338,998.3628887694044
10339,998.3628887694044
10340,998.3628887694044
10341,998.3628887694044
10342,998.3628887694044
10343,998.3628887694044
10344,998.3628887694044
10345,998.3628887694044
10346,998.3628887694044
10347,998.3628887694044
10348,998.3628887694044
10349,998.3628887694044
10350,998.3628887694044
10351,998.3628887694044
10352,998.3628887694044
10353,998.3628887694044
10354,998.3628887694044
10355,998.3628887694044
10356,998.3628887694044
10357,998.3628887694044
10358,998.3628887694044
10359,998.3628887694044
10360,998.3628887694044
10361,998.3628887694044
10362,998.3628887694044
10363,998.3628887694044
10364,998.3628887694044
10365,998.3628887694044
10366,998.3628887694044
10367,998.3628887694044
10368,998.3628887694044
10369,998.3628887694044
10370,998.3628887694044
10371,998.3628887694044
10372,998.3628887694044
10373,998.3628887694044
10374,998.3628887694044
10375,998.3628887694044
10376,998.3628887694044
10377,998.3628887694044
10378,998.3628887694044
10379,998.3628887694044
10380,998.3628887694044
10381,998.3628887694044
10382,998.3628887694044
10383,998.3628887694044
10384,998.3628887694044
10385,998.3628887694044
10386,998.3628887694044
10387,998.3628887694044
10388,998.3628887694044
10389,998.3628887694044
10390,998.3628887694044
10391,998.3628887694044
10392,998.3628887694044
10393,998.3628887694044
10394,998.3628887694044
10395,998.3628887694044
10396,998.3628887694044
10397,998.3628887694044
10398,998.3628887694044
10399,998.3628887694044
10400,998.3628887694044
10401,998.3628887694044
10402,998.3628887694044
10403,998.3628887694044
10404,998.3628887694044
10405,998.3628887694044
10406,998.3628887694044
10407,998.3628887694044
10408,998.3628887694044
10409,998.3628887694044
10410,998.3628887694044
10411,998.3628887694044
10412,998.3628887694044
10413,998.3628887694044
10414,998.3628887694044
10415,998.3628887694044
10416,998.3628887694044
10417,998.3628887694044
10418,998.3628887694044
10419,998.3628887694044
10420,998.3628887694044
10421,998.3628887694044
10422,998.3628887694044
10423,998.3628887694044
10424,998.3628887694044
10425,998.3628887694044
10426,998.3628887694044
10427,998.3628887694044
10428,998.3628887694044
10429,998.3628887694044
10430,998.3628887694044
10431,998.3628887694044
10432,998.3628887694044
10433,998.3628887694044
10434,998.3628887694044
10435,998.3628887694044
10436,998.3628887694044
10437,998.3628887694044
10438,998.3628887694044
10439,998.3628887694044
10440,998.3628887694044
10441,998.3628887694044
10442,998.3628887694044
10443,998.3628887694044
10444,998.3628887694044
10445,998.3628887694044
10446,998.3628887694044
10447,998.3628887694044
10448,998.3628887694044
10449,998.3628887694044
10450,998.3628887694044
10451,998.3628887694044
10452,998.3628887694044
10453,998.3628887694044
10454,998.3628887694044
10455,998.3628887694044
10456,998.3628887694044
10457,998.3628887694044
10458,998.3628887694044
10459,998.3628887694044
10460,998.3628887694044
10461,998.3628887694044
10462,998.3628887694044
10463,998.3628887694044
10464,998.3628887694044
10465,998.3628887694044
10466,998.3628887694044
10467,998.3628887694044
10468,998.3628887694044
10469,998.3628887694044
10470,998.3628887694044
10471,998.3628887694044
10472,998.3628887694044
10473,998.3628887694044
10474,998.3628887694044
10475,998.3628887694044
10476,998.3628887694044
10477,998.3628887694044
10478,998.3628887694044
10479,998.3628887694044
10480,998.3628887694044
10481,998.3628887694044
10482,998.3628887694044
10483,998.3628887694044
10484,998.3628887694044
10485,998.3628887694044
10486,998.3628887694044
10487,998.3628887694044
10488,998.3628887694044
10489,998.3628887694044
10490,998.3628887694044
10491,998.3628887694044
10492,998.3628887694044
10493,998.3628887694044
10494,998.3628887694044
10495,998.3628887694044
10496,998.3628887694044
10497,998.3628887694044
10498,998.3628887694044
10499,998.3628887694044
10500,998.3628887694044
10501,998.3628887694044
10502,998.3628887694044
10503,998.3628887694044
10504,998.3628887694044
10505,998.3628887694044
10506,998.3628887694044
10507,998.3628887694044
10508,998.3628887694044
10509,998.3628887694044
10510,998.3628887694044
10511,998.3628887694044
10512,998.3628887694044
10513,998.3628887694044
10514,998.3628887694044
10515,998.3628887694044
10516,998.3628887694044
10517,998.3628887694044
10518,998.3628887694044
10519,998.3628887694044
10520,998.3628887694044
10521,998.3628887694044
10522,998.3628887694044
10523,998.3628887694044
10524,998.3628887694044
10525,998.3628887694044
10526,998.3628887694044
10527,998.3628887694044
10528,998.3628887694044
10529,998.3628887694044
10530,998.3628887694044
10531,998.3628887694044
10532,998.3628887694044
10533,998.3628887694044
10534,998.3628887694044
10535,998.3628887694044
10536,998.3628887694044
10537,998.3628887694044
10538,998.3628887694044
10539,998.3628887694044
10540,998.3628887694044
10541,998.3628887694044
10542,998.3628887694044
10543,998.3628887694044
10544,998.3628887694044
10545,998.3628887694044
10546,998.3628887694044
10547,998.3628887694044
10548,998.3628887694044
10549,998.3628887694044
10550,998.3628887694044
10551,998.3628887694044
10552,998.3628887694044
10553,998.3628887694044
10554,998.3628887694044
10555,998.3628887694044
10556,998.3628887694044
10557,998.3628887694044
10558,998.3628887694044
10559,998.3628887694044
10560,998.3628887694044
10561,998.3628887694044
10562,998.3628887694044
10563,998.3628887694044
10564,998.3628887694044
10565,998.3628887694044
10566,998.3628887694044
10567,998.3628887694044
10568,998.3628887694044
10569,998.3628887694044
10570,998.3628887694044
10571,998.3628887694044
10572,998.3628887694044
10573,998.3628887694044
10574,998.3628887694044
10575,998.3628887694044
10576,998.3628887694044
10577,998.3628887694044
10578,998.3628887694044
10579,998.3628887694044
10580,998.3628887694044
10581,998.3628887694044
10582,998.3628887694044
10583,998.3628887694044
10584,998.3628887694044
10585,998.3628887694044
10586,998.3628887694044
10587,998.3628887694044
10588,998.3628887694044
10589,998.3628887694044
10590,998.3628887694044
10591,998.3628887694044
10592,998.3628887694044
10593,998.3628887694044
10594,998.3628887694044
10595,998.3628887694044
10596,998.3628887694044
10597,998.3628887694044
10598,998.3628887694044
10599,998.3628887694044
10600,998.3628887694044
10601,998.3628887694044
10602,998.3628887694044
10603,998.3628887694044
10604,998.3628887694044
10605,998.3628887694044
10606,998.3628887694044
10607,998.3628887694044
10608,998.3628887694044
10609,998.3628887694044
10610,998.3628887694044
10611,998.3628887694044
10612,998.3628887694044
10613,998.3628887694044
10614,998.3628887694044
10615,998.3628887694044
10616,998.3628887694044
10617,998.3628887694044
10618,998.3628887694044
10619,998.3628887694044
10620,998.3628887694044
10621,998.3628887694044
10622,998.3628887694044
10623,998.3628887694044
10624,998.3628887694044
10625,998.3628887694044
10626,998.3628887694044
10627,998.3628887694044
10628,998.3628887694044
10629,998.3628887694044
10630,998.3628887694044
10631,998.3628887694044
10632,998.3628887694044
10633,998.3628887694044
10634,998.3628887694044
10635,998.3628887694044
10636,998.3628887694044
10637,998.3628887694044
10638,998.3628887694044
10639,998.3628887694044
10640,998.3628887694044
10641,998.3628887694044
10642,998.3628887694044
10643,998.3628887694044
10644,998.3628887694044
10645,998.3628887694044
10646,998.3628887694044
10647,998.3628887694044
10648,998.3628887694044
10649,998.3628887694044
10650,998.3628887694044
10651,998.3628887694044
10652,998.3628887694044
10653,998.3628887694044
10654,998.3628887694044
10655,998.3628887694044
10656,998.3628887694044
10657,998.3628887694044
10658,998.3628887694044
10659,998.3628887694044
10660,998.3628887694044
10661,998.3628887694044
10662,998.3628887694044
10663,998.3628887694044
10664,998.3628887694044
10665,998.3628887694044
10666,998.3628887694044
10667,998.3628887694044
10668,998.3628887694044
10669,998.3628887694044
10670,998.3628887694044
10671,998.3628887694044
10672,998.3628887694044
10673,998.3628887694044
10674,998.3628887694044
10675,998.3628887694044
10676,998.3628887694044
10677,998.3628887694044
10678,998.3628887694044
10679,998.3628887694044
10680,998.3628887694044
10681,998.3628887694044
10682,998.3628887694044
10683,998.3628887694044
10684,998.3628887694044
10685,998.3628887694044
10686,998.3628887694044
10687,998.3628887694044
10688,998.3628887694044
10689,998.3628887694044
10690,998.3628887694044
10691,998.3628887694044
10692,998.3628887694044
10693,998.3628887694044
10694,998.3628887694044
10695,998.3628887694044
10696,998.3628887694044
10697,998.3628887694044
10698,998.3628887694044
10699,998.3628887694044
10700,998.3628887694044
10701,998.3628887694044
10702,998.3628887694044
10703,998.3628887694044
10704,998.3628887694044
10705,998.3628887694044
10706,998.3628887694044
10707,998.3628887694044
10708,998.3628887694044
10709,998.3628887694044
10710,998.3628887694044
10711,998.3628887694044
10712,998.3628887694044
10713,998.3628887694044
10714,998.3628887694044
10715,998.3628887694044
10716,998.3628887694044
10717,998.3628887694044
10718,998.3628887694044
10719,998.3628887694044
10720,998.3628887694044
10721,998.3628887694044
10722,998.3628887694044
10723,998.3628887694044
10724,998.3628887694044
10725,998.3628887694044
10726,998.3628887694044
10727,998.3628887694044
10728,998.3628887694044
10729,998.3628887694044
10730,998.3628887694044
10731,998.3628887694044
10732,998.3628887694044
10733,998.3628887694044
10734,998.3628887694044
10735,998.3628887694044
10736,998.3628887694044
10737,998.3628887694044
10738,998.3628887694044
10739,998.3628887694044
10740,998.3628887694044
10741,998.3628887694044
10742,998.3628887694044
10743,998.3628887694044
10744,998.3628887694044
10745,998.3628887694044
10746,998.3628887694044
10747,998.3628887694044
10748,998.3628887694044
10749,998.3628887694044
10750,998.3628887694044
10751,998.3628887694044
10752,998.3628887694044
10753,998.3628887694044
10754,998.3628887694044
10755,998.3628887694044
10756,998.3628887694044
10757,998.3628887694044
10758,998.3628887694044
10759,998.3628887694044
10760,998.3628887694044
10761,998.3628887694044
10762,998.3628887694044
10763,998.3628887694044
10764,998.3628887694044
10765,998.3628887694044
10766,998.3628887694044
10767,998.3628887694044
10768,998.3628887694044
10769,998.3628887694044
10770,998.3628887694044
10771,998.3628887694044
10772,998.3628887694044
10773,998.3628887694044
10774,998.3628887694044
10775,998.3628887694044
10776,998.3628887694044
10777,998.3628887694044
10778,998.3628887694044
10779,998.3628887694044
10780,998.3628887694044
10781,998.3628887694044
10782,998.3628887694044
10783,998.3628887694044
10784,998.3628887694044
10785,998.3628887694044
10786,998.3628887694044
10787,998.3628887694044
10788,998.3628887694044
10789,998.3628887694044
10790,998.3628887694044
10791,998.3628887694044
10792,998.3628887694044
10793,998.3628887694044
10794,998.3628887694044
10795,998.3628887694044
10796,998.3628887694044
10797,998.3628887694044
10798,998.3628887694044
10799,998.3628887694044
10800,998.3628887694044
10801,998.3628887694044
10802,998.3628887694044
10803,998.3628887694044
10804,998.3628887694044
10805,998.3628887694044
10806,998.3628887694044
10807,998.3628887694044
10808,998.3628887694044
10809,998.3628887694044
10810,998.3628887694044
10811,998.3628887694044
10812,998.3628887694044
10813,998.3628887694044
10814,998.3628887694044
10815,998.3628887694044
10816,998.3628887694044
10817,998.3628887694044
10818,998.3628887694044
10819,998.3628887694044
10820,998.3628887694044
10821,998.3628887694044
10822,998.3628887694044
10823,998.3628887694044
10824,998.3628887694044
10825,998.3628887694044
10826,998.3628887694044
10827,998.3628887694044
10828,998.3628887694044
10829,998.3628887694044
10830,998.3628887694044
10831,998.3628887694044
10832,998.3628887694044
10833,998.3628887694044
10834,998.3628887694044
10835,998.3628887694044
10836,998.3628887694044
10837,998.3628887694044
10838,998.3628887694044
10839,998.3628887694044
10840,998.3628887694044
10841,998.3628887694044
10842,998.3628887694044
10843,998.3628887694044
10844,998.3628887694044
10845,998.3628887694044
10846,998.3628887694044
10847,998.3628887694044
10848,998.3628887694044
10849,998.3628887694044
10850,998.3628887694044
10851,998.3628887694044
10852,998.3628887694044
10853,998.3628887694044
10854,998.3628887694044
10855,998.3628887694044
10856,998.3628887694044
10857,998.3628887694044
10858,998.3628887694044
10859,998.3628887694044
10860,998.3628887694044
10861,998.3628887694044
10862,998.3628887694044
10863,998.3628887694044
10864,998.3628887694044
10865,998.3628887694044
10866,998.3628887694044
10867,998.3628887694044
10868,998.3628887694044
10869,998.3628887694044
10870,998.3628887694044
10871,998.3628887694044
10872,998.3628887694044
10873,998.3628887694044
10874,998.3628887694044
10875,998.3628887694044
10876,998.3628887694044
10877,998.3628887694044
10878,998.3628887694044
10879,998.3628887694044
10880,998.3628887694044
10881,998.3628887694044
10882,998.3628887694044
10883,998.3628887694044
10884,998.3628887694044
10885,998.3628887694044
10886,998.3628887694044
10887,998.3628887694044
10888,998.3628887694044
10889,998.3628887694044
10890,998.3628887694044
10891,998.3628887694044
10892,998.3628887694044
10893,998.3628887694044
10894,998.3628887694044
10895,998.3628887694044
10896,998.3628887694044
10897,998.3628887694044
10898,998.3628887694044
10899,998.3628887694044
10900,998.3628887694044
10901,998.3628887694044
10902,998.3628887694044
10903,998.3628887694044
10904,998.3628887694044
10905,998.3628887694044
10906,998.3628887694044
10907,998.3628887694044
10908,998.3628887694044
10909,998.3628887694044
10910,998.3628887694044
10911,998.3628887694044
10912,998.3628887694044
10913,998.3628887694044
10914,998.3628887694044
10915,998.3628887694044
10916,998.3628887694044
10917,998.3628887694044
10918,998.3628887694044
10919,998.3628887694044
10920,998.3628887694044
10921,998.3628887694044
10922,998.3628887694044
10923,998.3628887694044
10924,998.3628887694044
10925,998.3628887694044
10926,998.3628887694044
10927,998.3628887694044
10928,998.3628887694044
10929,998.3628887694044
10930,998.3628887694044
10931,998.3628887694044
10932,998.3628887694044
10933,998.3628887694044
10934,998.3628887694044
10935,998.3628887694044
10936,998.3628887694044
10937,998.3628887694044
10938,998.3628887694044
10939,998.3628887694044
10940,998.3628887694044
10941,998.3628887694044
10942,998.3628887694044
10943,998.3628887694044
10944,998.3628887694044
10945,998.3628887694044
10946,998.3628887694044
10947,998.3628887694044
10948,998.3628887694044
10949,998.3628887694044
10950,998.3628887694044
10951,998.3628887694044
10952,998.3628887694044
10953,998.3628887694044
10954,998.3628887694044
10955,998.3628887694044
10956,998.3628887694044
10957,998.3628887694044
10958,998.3628887694044
10959,998.3628887694044
10960,998.3628887694044
10961,998.3628887694044
10962,998.3628887694044
10963,998.3628887694044
10964,998.3628887694044
10965,998.3628887694044
10966,998.3628887694044
10967,998.3628887694044
10968,998.3628887694044
10969,998.3628887694044
10970,998.3628887694044
10971,998.3628887694044
10972,998.3628887694044
10973,998.3628887694044
10974,998.3628887694044
10975,998.3628887694044
10976,998.3628887694044
10977,998.3628887694044
10978,998.3628887694044
10979,998.3628887694044
10980,998.3628887694044
10981,998.3628887694044
10982,998.3628887694044
10983,998.3628887694044
10984,998.3628887694044
10985,998.3628887694044
10986,998.3628887694044
10987,998.3628887694044
10988,998.3628887694044
10989,998.3628887694044
10990,998.3628887694044
10991,998.3628887694044
10992,998.3628887694044
10993,998.3628887694044
10994,998.3628887694044
10995,998.3628887694044
10996,998.3628887694044
10997,998.3628887694044
10998,998.3628887694044
10999,998.3628887694044
11000,998.3628887694044
11001,998.3628887694044
11002,998.3628887694044
11003,998.3628887694044
11004,998.3628887694044
11005,998.3628887694044
11006,998.3628887694044
11007,998.3628887694044
11008,998.3628887694044
11009,998.3628887694044
11010,998.3628887694044
11011,998.3628887694044
11012,998.3628887694044
11013,998.3628887694044
11014,998.3628887694044
11015,998.3628887694044
11016,998.3628887694044
11017,998.3628887694044
11018,998.3628887694044
11019,998.3628887694044
11020,998.3628887694044
11021,998.3628887694044
11022,998.3628887694044
11023,998.3628887694044
11024,998.3628887694044
11025,998.3628887694044
11026,998.3628887694044
11027,998.3628887694044
11028,998.3628887694044
11029,998.3628887694044
11030,998.3628887694044
11031,998.3628887694044
11032,998.3628887694044
11033,998.3628887694044
11034,998.3628887694044
11035,998.3628887694044
11036,998.3628887694044
11037,998.3628887694044
11038,998.3628887694044
11039,998.3628887694044
11040,998.3628887694044
11041,998.3628887694044
11042,998.3628887694044
11043,998.3628887694044
11044,998.3628887694044
11045,998.3628887694044
11046,998.3628887694044
11047,998.3628887694044
11048,998.3628887694044
11049,998.3628887694044
11050,998.3628887694044
11051,998.3628887694044
11052,998.3628887694044
11053,998.3628887694044
11054,998.3628887694044
11055,998.3628887694044
11056,998.3628887694044
11057,998.3628887694044
11058,998.3628887694044
11059,998.3628887694044
11060,998.3628887694044
11061,998.3628887694044
11062,998.3628887694044
11063,998.3628887694044
11064,998.3628887694044
11065,998.3628887694044
11066,998.3628887694044
11067,998.3628887694044
11068,998.3628887694044
11069,998.3628887694044
11070,998.3628887694044
11071,998.3628887694044
11072,998.3628887694044
11073,998.3628887694044
11074,998.3628887694044
11075,998.3628887694044
11076,998.3628887694044
11077,998.3628887694044
11078,998.3628887694044
11079,998.3628887694044
11080,998.3628887694044
11081,998.3628887694044
11082,998.3628887694044
11083,998.3628887694044
11084,998.3628887694044
11085,998.3628887694044
11086,998.3628887694044
11087,998.3628887694044
11088,998.3628887694044
11089,998.3628887694044
11090,998.3628887694044
11091,998.3628887694044
11092,998.3628887694044
11093,998.3628887694044
11094,998.3628887694044
11095,998.3628887694044
11096,998.3628887694044
11097,998.3628887694044
11098,998.3628887694044
11099,998.3628887694044
11100,998.3628887694044
11101,998.3628887694044
11102,998.3628887694044
11103,998.3628887694044
11104,998.3628887694044
11105,998.3628887694044
11106,998.3628887694044
11107,998.3628887694044
11108,998.3628887694044
11109,998.3628887694044
11110,998.3628887694044
11111,998.3628887694044
11112,998.3628887694044
11113,998.3628887694044
11114,998.3628887694044
11115,998.3628887694044
11116,998.3628887694044
11117,998.3628887694044
11118,998.3628887694044
11119,998.3628887694044
11120,998.3628887694044
11121,998.3628887694044
11122,998.3628887694044
11123,998.3628887694044
11124,998.3628887694044
11125,998.3628887694044
11126,998.3628887694044
11127,998.3628887694044
11128,998.3628887694044
11129,998.3628887694044
11130,998.3628887694044
11131,998.3628887694044
11132,998.3628887694044
11133,998.3628887694044
11134,998.3628887694044
11135,998.3628887694044
11136,998.3628887694044
11137,998.3628887694044
11138,998.3628887694044
11139,998.3628887694044
11140,998.3628887694044
11141,998.3628887694044
11142,998.3628887694044
11143,998.3628887694044
11144,998.3628887694044
11145,998.3628887694044
11146,998.3628887694044
11147,998.3628887694044
11148,998.3628887694044
11149,998.3628887694044
11150,998.3628887694044
11151,998.3628887694044
11152,998.3628887694044
11153,998.3628887694044
11154,998.3628887694044
11155,998.3628887694044
11156,998.3628887694044
11157,998.3628887694044
11158,998.3628887694044
11159,998.3628887694044
11160,998.3628887694044
11161,998.3628887694044
11162,998.3628887694044
11163,998.3628887694044
11164,998.3628887694044
11165,998.3628887694044
11166,998.3628887694044
11167,998.3628887694044
11168,998.3628887694044
11169,998.3628887694044
11170,998.3628887694044
11171,998.3628887694044
11172,998.3628887694044
11173,998.3628887694044
11174,998.3628887694044
11175,998.3628887694044
11176,998.3628887694044
11177,998.3628887694044
11178,998.3628887694044
11179,998.3628887694044
11180,998.3628887694044
11181,998.3628887694044
11182,998.3628887694044
11183,998.3628887694044
11184,998.3628887694044
11185,998.3628887694044
11186,998.3628887694044
11187,998.3628887694044
11188,998.3628887694044
11189,998.3628887694044
11190,998.3628887694044
11191,998.3628887694044
11192,998.3628887694044
11193,998.3628887694044
11194,998.3628887694044
11195,998.3628887694044
11196,998.3628887694044
11197,998.3628887694044
11198,998.3628887694044
11199,998.3628887694044
11200,998.3628887694044
11201,998.3628887694044
11202,998.3628887694044
11203,998.3628887694044
11204,998.3628887694044
11205,998.3628887694044
11206,998.3628887694044
11207,998.3628887694044
11208,998.3628887694044
11209,998.3628887694044
11210,998.3628887694044
11211,998.3628887694044
11212,998.3628887694044
11213,998.3628887694044
11214,998.3628887694044
11215,998.3628887694044
11216,998.3628887694044
11217,998.3628887694044
11218,998.3628887694044
11219,998.3628887694044
11220,998.3628887694044
11221,998.3628887694044
11222,998.3628887694044
11223,998.3628887694044
11224,998.3628887694044
11225,998.3628887694044
11226,998.3628887694044
11227,998.3628887694044
11228,998.3628887694044
11229,998.3628887694044
11230,998.3628887694044
11231,998.3628887694044
11232,998.3628887694044
11233,998.3628887694044
11234,998.3628887694044
11235,998.3628887694044
11236,998.3628887694044
11237,998.3628887694044
11238,998.3628887694044
11239,998.3628887694044
11240,998.3628887694044
11241,998.3628887694044
11242,998.3628887694044
11243,998.3628887694044
11244,998.3628887694044
11245,998.3628887694044
11246,998.3628887694044
11247,998.3628887694044
11248,998.3628887694044
11249,998.3628887694044
11250,998.3628887694044
11251,998.3628887694044
11252,998.3628887694044
11253,998.3628887694044
11254,998.3628887694044
11255,998.3628887694044
11256,998.3628887694044
11257,998.3628887694044
11258,998.3628887694044
11259,998.3628887694044
11260,998.3628887694044
11261,998.3628887694044
11262,998.3628887694044
11263,998.3628887694044
11264,998.3628887694044
11265,998.3628887694044
11266,998.3628887694044
11267,998.3628887694044
11268,998.3628887694044
11269,998.3628887694044
11270,998.3628887694044
11271,998.3628887694044
11272,998.3628887694044
11273,998.3628887694044
11274,998.3628887694044
11275,998.3628887694044
11276,998.3628887694044
11277,998.3628887694044
11278,998.3628887694044
11279,998.3628887694044
11280,998.3628887694044
11281,998.3628887694044
11282,998.3628887694044
11283,998.3628887694044
11284,998.3628887694044
11285,998.3628887694044
11286,998.3628887694044
11287,998.3628887694044
11288,998.3628887694044
11289,998.3628887694044
11290,998.3628887694044
11291,998.3628887694044
11292,998.3628887694044
11293,998.3628887694044
11294,998.3628887694044
11295,998.3628887694044
11296,998.3628887694044
11297,998.3628887694044
11298,998.3628887694044
11299,998.3628887694044
11300,998.3628887694044
11301,998.3628887694044
11302,998.3628887694044
11303,998.3628887694044
11304,998.3628887694044
11305,998.3628887694044
11306,998.3628887694044
11307,998.3628887694044
11308,998.3628887694044
11309,998.3628887694044
11310,998.3628887694044
11311,998.3628887694044
11312,998.3628887694044
11313,998.3628887694044
11314,998.3628887694044
11315,998.3628887694044
11316,998.3628887694044
11317,998.3628887694044
11318,998.3628887694044
11319,998.3628887694044
11320,998.3628887694044
11321,998.3628887694044
11322,998.3628887694044
11323,998.3628887694044
11324,998.3628887694044
11325,998.3628887694044
11326,998.3628887694044
11327,998.3628887694044
11328,998.3628887694044
11329,998.3628887694044
11330,998.3628887694044
11331,998.3628887694044
11332,998.3628887694044
11333,998.3628887694044
11334,998.3628887694044
11335,998.3628887694044
11336,998.3628887694044
11337,998.3628887694044
11338,998.3628887694044
11339,998.3628887694044
11340,998.3628887694044
11341,998.3628887694044
11342,998.3628887694044
11343,998.3628887694044
11344,998.3628887694044
11345,998.3628887694044
11346,998.3628887694044
11347,998.3628887694044
11348,998.3628887694044
11349,998.3628887694044
11350,998.3628887694044
11351,998.3628887694044
11352,998.3628887694044
11353,998.3628887694044
11354,998.3628887694044
11355,998.3628887694044
11356,998.3628887694044
11357,998.3628887694044
11358,998.3628887694044
11359,998.3628887694044
11360,998.3628887694044
11361,998.3628887694044
11362,998.3628887694044
11363,998.3628887694044
11364,998.3628887694044
11365,998.3628887694044
11366,998.3628887694044
11367,998.3628887694044
11368,998.3628887694044
11369,998.3628887694044
11370,998.3628887694044
11371,998.3628887694044
11372,998.3628887694044
11373,998.3628887694044
11374,998.3628887694044
11375,998.3628887694044
11376,998.3628887694044
11377,998.3628887694044
11378,998.3628887694044
11379,998.3628887694044
11380,998.3628887694044
11381,998.3628887694044
11382,998.3628887694044
11383,998.3628887694044
11384,998.3628887694044
11385,998.3628887694044
11386,998.3628887694044
11387,998.3628887694044
11388,998.3628887694044
11389,998.3628887694044
11390,998.3628887694044
11391,998.3628887694044
11392,998.3628887694044
11393,998.3628887694044
11394,998.3628887694044
11395,998.3628887694044
11396,998.3628887694044
11397,998.3628887694044
11398,998.3628887694044
11399,998.3628887694044
11400,998.3628887694044
11401,998.3628887694044
11402,998.3628887694044
11403,998.3628887694044
11404,998.3628887694044
11405,998.3628887694044
11406,998.3628887694044
11407,998.3628887694044
11408,998.3628887694044
11409,998.3628887694044
11410,998.3628887694044
11411,998.3628887694044
11412,998.3628887694044
11413,998.3628887694044
11414,998.3628887694044
11415,998.3628887694044
11416,998.3628887694044
11417,998.3628887694044
11418,998.3628887694044
11419,998.3628887694044
11420,998.3628887694044
11421,998.3628887694044
11422,998.3628887694044
11423,998.3628887694044
11424,998.3628887694044
11425,998.3628887694044
11426,998.3628887694044
11427,998.3628887694044
11428,998.3628887694044
11429,998.3628887694044
11430,998.3628887694044
11431,998.3628887694044
11432,998.3628887694044
11433,998.3628887694044
11434,998.3628887694044
11435,998.3628887694044
11436,998.3628887694044
11437,998.3628887694044
11438,998.3628887694044
11439,998.3628887694044
11440,998.3628887694044
11441,998.3628887694044
11442,998.3628887694044
11443,998.3628887694044
11444,998.3628887694044
11445,998.3628887694044
11446,998.3628887694044
11447,998.3628887694044
11448,998.3628887694044
11449,998.3628887694044
11450,998.3628887694044
11451,998.3628887694044
11452,998.3628887694044
11453,998.3628887694044
11454,998.3628887694044
11455,998.3628887694044
11456,998.3628887694044
11457,998.3628887694044
11458,998.3628887694044
11459,998.3628887694044
11460,998.3628887694044
11461,998.3628887694044
11462,998.3628887694044
11463,998.3628887694044
11464,998.3628887694044
11465,998.3628887694044
11466,998.3628887694044
11467,998.3628887694044
11468,998.3628887694044
11469,998.3628887694044
11470,998.3628887694044
11471,998.3628887694044
11472,998.3628887694044
11473,998.3628887694044
11474,998.3628887694044
11475,998.3628887694044
11476,998.3628887694044
11477,998.3628887694044
11478,998.3628887694044
11479,998.3628887694044
11480,998.3628887694044
11481,998.3628887694044
11482,998.3628887694044
11483,998.3628887694044
11484,998.3628887694044
11485,998.3628887694044
11486,998.3628887694044
11487,998.3628887694044
11488,998.3628887694044
11489,998.3628887694044
11490,998.3628887694044
11491,998.3628887694044
11492,998.3628887694044
11493,998.3628887694044
11494,998.3628887694044
11495,998.3628887694044
11496,998.3628887694044
11497,998.3628887694044
11498,998.3628887694044
11499,998.3628887694044
11500,998.3628887694044
11501,998.3628887694044
11502,998.3628887694044
11503,998.3628887694044
11504,998.3628887694044
11505,998.3628887694044
11506,998.3628887694044
11507,998.3628887694044
11508,998.3628887694044
11509,998.3628887694044
11510,998.3628887694044
11511,998.3628887694044
11512,998.3628887694044
11513,998.3628887694044
11514,998.3628887694044
11515,998.3628887694044
11516,998.3628887694044
11517,998.3628887694044
11518,998.3628887694044
11519,998.3628887694044
11520,998.3628887694044
11521,998.3628887694044
11522,998.3628887694044
11523,998.3628887694044
11524,998.3628887694044
11525,998.3628887694044
11526,998.3628887694044
11527,998.3628887694044
11528,998.3628887694044
11529,998.3628887694044
11530,998.3628887694044
11531,998.3628887694044
11532,998.3628887694044
11533,998.3628887694044
11534,998.3628887694044
11535,998.3628887694044
11536,998.3628887694044
11537,998.3628887694044
11538,998.3628887694044
11539,998.3628887694044
11540,998.3628887694044
11541,998.3628887694044
11542,998.3628887694044
11543,998.3628887694044
11544,998.3628887694044
11545,998.3628887694044
11546,998.3628887694044
11547,998.3628887694044
11548,998.3628887694044
11549,998.3628887694044
11550,998.3628887694044
11551,998.3628887694044
11552,998.3628887694044
11553,998.3628887694044
11554,998.3628887694044
11555,998.3628887694044
11556,998.3628887694044
11557,998.3628887694044
11558,998.3628887694044
11559,998.3628887694044
11560,998.3628887694044
11561,998.3628887694044
11562,998.3628887694044
11563,998.3628887694044
11564,998.3628887694044
11565,998.3628887694044
11566,998.3628887694044
11567,998.3628887694044
11568,998.3628887694044
11569,998.3628887694044
11570,998.3628887694044
11571,998.3628887694044
11572,998.3628887694044
11573,998.3628887694044
11574,998.3628887694044
11575,998.3628887694044
11576,998.3628887694044
11577,998.3628887694044
11578,998.3628887694044
11579,998.3628887694044
11580,998.3628887694044
11581,998.3628887694044
11582,998.3628887694044
11583,998.3628887694044
11584,998.3628887694044
11585,998.3628887694044
11586,998.3628887694044
11587,998.3628887694044
11588,998.3628887694044
11589,998.3628887694044
11590,998.3628887694044
11591,998.3628887694044
11592,998.3628887694044
11593,998.3628887694044
11594,998.3628887694044
11595,998.3628887694044
11596,998.3628887694044
11597,998.3628887694044
11598,998.3628887694044
11599,998.3628887694044
11600,998.3628887694044
11601,998.3628887694044
11602,998.3628887694044
11603,998.3628887694044
11604,998.3628887694044
11605,998.3628887694044
11606,998.3628887694044
11607,998.3628887694044
11608,998.3628887694044
11609,998.3628887694044
11610,998.3628887694044
11611,998.3628887694044
11612,998.3628887694044
11613,998.3628887694044
11614,998.3628887694044
11615,998.3628887694044
11616,998.3628887694044
11617,998.3628887694044
11618,998.3628887694044
11619,998.3628887694044
11620,998.3628887694044
11621,998.3628887694044
11622,998.3628887694044
11623,998.3628887694044
11624,998.3628887694044
11625,998.3628887694044
11626,998.3628887694044
11627,998.3628887694044
11628,998.3628887694044
11629,998.3628887694044
11630,998.3628887694044
11631,998.3628887694044
11632,998.3628887694044
11633,998.3628887694044
11634,998.3628887694044
11635,998.3628887694044
11636,998.3628887694044
11637,998.3628887694044
11638,998.3628887694044
11639,998.3628887694044
11640,998.3628887694044
11641,998.3628887694044
11642,998.3628887694044
11643,998.3628887694044
11644,998.3628887694044
11645,998.3628887694044
11646,998.3628887694044
11647,998.3628887694044
11648,998.3628887694044
11649,998.3628887694044
11650,998.3628887694044
11651,998.3628887694044
11652,998.3628887694044
11653,998.3628887694044
11654,998.3628887694044
11655,998.3628887694044
11656,998.3628887694044
11657,998.3628887694044
11658,998.3628887694044
11659,998.3628887694044
11660,998.3628887694044
11661,998.3628887694044
11662,998.3628887694044
11663,998.3628887694044
11664,998.3628887694044
11665,998.3628887694044
11666,998.3628887694044
11667,998.3628887694044
11668,998.3628887694044
11669,998.3628887694044
11670,998.3628887694044
11671,998.3628887694044
11672,998.3628887694044
11673,998.3628887694044
11674,998.3628887694044
11675,998.3628887694044
11676,998.3628887694044
11677,998.3628887694044
11678,998.3628887694044
11679,998.3628887694044
11680,998.3628887694044
11681,998.3628887694044
11682,998.3628887694044
11683,998.3628887694044
11684,998.3628887694044
11685,998.3628887694044
11686,998.3628887694044
11687,998.3628887694044
11688,998.3628887694044
11689,998.3628887694044
11690,998.3628887694044
11691,998.3628887694044
11692,998.3628887694044
11693,998.3628887694044
11694,998.3628887694044
11695,998.3628887694044
11696,998.3628887694044
11697,998.3628887694044
11698,998.3628887694044
11699,998.3628887694044
11700,998.3628887694044
11701,998.3628887694044
11702,998.3628887694044
11703,998.3628887694044
11704,998.3628887694044
11705,998.3628887694044
11706,998.3628887694044
11707,998.3628887694044
11708,998.3628887694044
11709,998.3628887694044
11710,998.3628887694044
11711,998.3628887694044
11712,998.3628887694044
11713,998.3628887694044
11714,998.3628887694044
11715,998.3628887694044
11716,998.3628887694044
11717,998.3628887694044
11718,998.3628887694044
11719,998.3628887694044
11720,998.3628887694044
11721,998.3628887694044
11722,998.3628887694044
11723,998.3628887694044
11724,998.3628887694044
11725,998.3628887694044
11726,998.3628887694044
11727,998.3628887694044
11728,998.3628887694044
11729,998.3628887694044
11730,998.3628887694044
11731,998.3628887694044
11732,998.3628887694044
11733,998.3628887694044
11734,998.3628887694044
11735,998.3628887694044
11736,998.3628887694044
11737,998.3628887694044
11738,998.3628887694044
11739,998.3628887694044
11740,998.3628887694044
11741,998.3628887694044
11742,998.3628887694044
11743,998.3628887694044
11744,998.3628887694044
11745,998.3628887694044
11746,998.3628887694044
11747,998.3628887694044
11748,998.3628887694044
11749,998.3628887694044
11750,998.3628887694044
11751,998.3628887694044
11752,998.3628887694044
11753,998.3628887694044
11754,998.3628887694044
11755,998.3628887694044
11756,998.3628887694044
11757,998.3628887694044
11758,998.3628887694044
11759,998.3628887694044
11760,998.3628887694044
11761,998.3628887694044
11762,998.3628887694044
11763,998.3628887694044
11764,998.3628887694044
11765,998.3628887694044
11766,998.3628887694044
11767,998.3628887694044
11768,998.3628887694044
11769,998.3628887694044
11770,998.3628887694044
11771,998.3628887694044
11772,998.3628887694044
11773,998.3628887694044
11774,998.3628887694044
11775,998.3628887694044
11776,998.3628887694044
11777,998.3628887694044
11778,998.3628887694044
11779,998.3628887694044
11780,998.3628887694044
11781,998.3628887694044
11782,998.3628887694044
11783,998.3628887694044
11784,998.3628887694044
11785,998.3628887694044
11786,998.3628887694044
11787,998.3628887694044
11788,998.3628887694044
11789,998.3628887694044
11790,998.3628887694044
11791,998.3628887694044
11792,998.3628887694044
11793,998.3628887694044
11794,998.3628887694044
11795,998.3628887694044
11796,998.3628887694044
11797,998.3628887694044
11798,998.3628887694044
11799,998.3628887694044
11800,998.3628887694044
11801,998.3628887694044
11802,998.3628887694044
11803,998.3628887694044
11804,998.3628887694044
11805,998.3628887694044
11806,998.3628887694044
11807,998.3628887694044
11808,998.3628887694044
11809,998.3628887694044
11810,998.3628887694044
11811,998.3628887694044
11812,998.3628887694044
11813,998.3628887694044
11814,998.3628887694044
11815,998.3628887694044
11816,998.3628887694044
11817,998.3628887694044
11818,998.3628887694044
11819,998.3628887694044
11820,998.3628887694044
11821,998.3628887694044
11822,998.3628887694044
11823,998.3628887694044
11824,998.3628887694044
11825,998.3628887694044
11826,998.3628887694044
11827,998.3628887694044
11828,998.3628887694044
11829,998.3628887694044
11830,998.3628887694044
11831,998.3628887694044
11832,998.3628887694044
11833,998.3628887694044
11834,998.3628887694044
11835,998.3628887694044
11836,998.3628887694044
11837,998.3628887694044
11838,998.3628887694044
11839,998.3628887694044
11840,998.3628887694044
11841,998.3628887694044
11842,998.3628887694044
11843,998.3628887694044
11844,998.3628887694044
11845,998.3628887694044
11846,998.3628887694044
11847,998.3628887694044
11848,998.3628887694044
11849,998.3628887694044
11850,998.3628887694044
11851,998.3628887694044
11852,998.3628887694044
11853,998.3628887694044
11854,998.3628887694044
11855,998.3628887694044
11856,998.3628887694044
11857,998.3628887694044
11858,998.3628887694044
11859,998.3628887694044
11860,998.3628887694044
11861,998.3628887694044
11862,998.3628887694044
11863,998.3628887694044
11864,998.3628887694044
11865,998.3628887694044
11866,998.3628887694044
11867,998.3628887694044
11868,998.3628887694044
11869,998.3628887694044
11870,998.3628887694044
11871,998.3628887694044
11872,998.3628887694044
11873,998.3628887694044
11874,998.3628887694044
11875,998.3628887694044
11876,998.3628887694044
11877,998.3628887694044
11878,998.3628887694044
11879,998.3628887694044
11880,998.3628887694044
11881,998.3628887694044
11882,998.3628887694044
11883,998.3628887694044
11884,998.3628887694044
11885,998.3628887694044
11886,998.3628887694044
11887,998.3628887694044
11888,998.3628887694044
11889,998.3628887694044
11890,998.3628887694044
11891,998.3628887694044
11892,998.3628887694044
11893,998.3628887694044
11894,998.3628887694044
11895,998.3628887694044
11896,998.3628887694044
11897,998.3628887694044
11898,998.3628887694044
11899,998.3628887694044
11900,998.3628887694044
11901,998.3628887694044
11902,998.3628887694044
11903,998.3628887694044
11904,998.3628887694044
11905,998.3628887694044
11906,998.3628887694044
11907,998.3628887694044
11908,998.3628887694044
11909,998.3628887694044
11910,998.3628887694044
11911,998.3628887694044
11912,998.3628887694044
11913,998.3628887694044
11914,998.3628887694044
11915,998.3628887694044
11916,998.3628887694044
11917,998.3628887694044
11918,998.3628887694044
11919,998.3628887694044
11920,998.3628887694044
11921,998.3628887694044
11922,998.3628887694044
11923,998.3628887694044
11924,998.3628887694044
11925,998.3628887694044
11926,998.3628887694044
11927,998.3628887694044
11928,998.3628887694044
11929,998.3628887694044
11930,998.3628887694044
11931,998.3628887694044
11932,998.3628887694044
11933,998.3628887694044
11934,998.3628887694044
11935,998.3628887694044
11936,998.3628887694044
11937,998.3628887694044
11938,998.3628887694044
11939,998.3628887694044
11940,998.3628887694044
11941,998.3628887694044
11942,998.3628887694044
11943,998.3628887694044
11944,998.3628887694044
11945,998.3628887694044
11946,998.3628887694044
11947,998.3628887694044
11948,998.3628887694044
11949,998.3628887694044
11950,998.3628887694044
11951,998.3628887694044
11952,998.3628887694044
11953,998.3628887694044
11954,998.3628887694044
11955,998.3628887694044
11956,998.3628887694044
11957,998.3628887694044
11958,998.3628887694044
11959,998.3628887694044
11960,998.3628887694044
11961,998.3628887694044
11962,998.3628887694044
11963,998.3628887694044
11964,998.3628887694044
11965,998.3628887694044
11966,998.3628887694044
11967,998.3628887694044
11968,998.3628887694044
11969,998.3628887694044
11970,998.3628887694044
11971,998.3628887694044
11972,998.3628887694044
11973,998.3628887694044
11974,998.3628887694044
11975,998.3628887694044
11976,998.3628887694044
11977,998.3628887694044
11978,998.3628887694044
11979,998.3628887694044
11980,998.3628887694044
11981,998.3628887694044
11982,998.3628887694044
11983,998.3628887694044
11984,998.3628887694044
11985,998.3628887694044
11986,998.3628887694044
11987,998.3628887694044
11988,998.3628887694044
11989,998.3628887694044
11990,998.3628887694044
11991,998.3628887694044
11992,998.3628887694044
11993,998.3628887694044
11994,998.3628887694044
11995,998.3628887694044
11996,998.3628887694044
11997,998.3628887694044
11998,998.3628887694044
11999,998.3628887694044
12000,998.3628887694044
12001,998.3628887694044
12002,998.3628887694044
12003,998.3628887694044
12004,998.3628887694044
12005,998.3628887694044
12006,998.3628887694044
12007,998.3628887694044
12008,998.3628887694044
12009,998.3628887694044
12010,998.3628887694044
12011,998.3628887694044
12012,998.3628887694044
12013,998.3628887694044
12014,998.3628887694044
12015,998.3628887694044
12016,998.3628887694044
12017,998.3628887694044
12018,998.3628887694044
12019,998.3628887694044
12020,998.3628887694044
12021,998.3628887694044
12022,998.3628887694044
12023,998.3628887694044
12024,998.3628887694044
12025,998.3628887694044
12026,998.3628887694044
12027,998.3628887694044
12028,998.3628887694044
12029,998.3628887694044
12030,998.3628887694044
12031,998.3628887694044
12032,998.3628887694044
12033,998.3628887694044
12034,998.3628887694044
12035,998.3628887694044
12036,998.3628887694044
12037,998.3628887694044
12038,998.3628887694044
12039,998.3628887694044
12040,998.3628887694044
12041,998.3628887694044
12042,998.3628887694044
12043,998.3628887694044
12044,998.3628887694044
12045,998.3628887694044
12046,998.3628887694044
12047,998.3628887694044
12048,998.3628887694044
12049,998.3628887694044
12050,998.3628887694044
12051,998.3628887694044
12052,998.3628887694044
12053,998.3628887694044
12054,998.3628887694044
12055,998.3628887694044
12056,998.3628887694044
12057,998.3628887694044
12058,998.3628887694044
12059,998.3628887694044
12060,998.3628887694044
12061,998.3628887694044
12062,998.3628887694044
12063,998.3628887694044
12064,998.3628887694044
12065,998.3628887694044
12066,998.3628887694044
12067,998.3628887694044
12068,998.3628887694044
12069,998.3628887694044
12070,998.3628887694044
12071,998.3628887694044
12072,998.3628887694044
12073,998.3628887694044
12074,998.3628887694044
12075,998.3628887694044
12076,998.3628887694044
12077,998.3628887694044
12078,998.3628887694044
12079,998.3628887694044
12080,998.3628887694044
12081,998.3628887694044
12082,998.3628887694044
12083,998.3628887694044
12084,998.3628887694044
12085,998.3628887694044
12086,998.3628887694044
12087,998.3628887694044
12088,998.3628887694044
12089,998.3628887694044
12090,998.3628887694044
12091,998.3628887694044
12092,998.3628887694044
12093,998.3628887694044
12094,998.3628887694044
12095,998.3628887694044
12096,998.3628887694044
12097,998.3628887694044
12098,998.3628887694044
12099,998.3628887694044
12100,998.3628887694044
12101,998.3628887694044
12102,998.3628887694044
12103,998.3628887694044
12104,998.3628887694044
12105,998.3628887694044
12106,998.3628887694044
12107,998.3628887694044
12108,998.3628887694044
12109,998.3628887694044
12110,998.3628887694044
12111,998.3628887694044
12112,998.3628887694044
12113,998.3628887694044
12114,998.3628887694044
12115,998.3628887694044
12116,998.3628887694044
12117,998.3628887694044
12118,998.3628887694044
12119,998.3628887694044
12120,998.3628887694044
12121,998.3628887694044
12122,998.3628887694044
12123,998.3628887694044
12124,998.3628887694044
12125,998.3628887694044
12126,998.3628887694044
12127,998.3628887694044
12128,998.3628887694044
12129,998.3628887694044
12130,998.3628887694044
12131,998.3628887694044
12132,998.3628887694044
12133,998.3628887694044
12134,998.3628887694044
12135,998.3628887694044
12136,998.3628887694044
12137,998.3628887694044
12138,998.3628887694044
12139,998.3628887694044
12140,998.3628887694044
12141,998.3628887694044
12142,998.3628887694044
12143,998.3628887694044
12144,998.3628887694044
12145,998.3628887694044
12146,998.3628887694044
12147,998.3628887694044
12148,998.3628887694044
12149,998.3628887694044
12150,998.3628887694044
12151,998.3628887694044
12152,998.3628887694044
12153,998.3628887694044
12154,998.3628887694044
12155,998.3628887694044
12156,998.3628887694044
12157,998.3628887694044
12158,998.3628887694044
12159,998.3628887694044
12160,998.3628887694044
12161,998.3628887694044
12162,998.3628887694044
12163,998.3628887694044
12164,998.3628887694044
12165,998.3628887694044
12166,998.3628887694044
12167,998.3628887694044
12168,998.3628887694044
12169,998.3628887694044
12170,998.3628887694044
12171,998.3628887694044
12172,998.3628887694044
12173,998.3628887694044
12174,998.3628887694044
12175,998.3628887694044
12176,998.3628887694044
12177,998.3628887694044
12178,998.3628887694044
12179,998.3628887694044
12180,998.3628887694044
12181,998.3628887694044
12182,998.3628887694044
12183,998.3628887694044
12184,998.3628887694044
12185,998.3628887694044
12186,998.3628887694044
12187,998.3628887694044
12188,998.3628887694044
12189,998.3628887694044
12190,998.3628887694044
12191,998.3628887694044
12192,998.3628887694044
12193,998.3628887694044
12194,998.3628887694044
12195,998.3628887694044
12196,998.3628887694044
12197,998.3628887694044
12198,998.3628887694044
12199,998.3628887694044
12200,998.3628887694044
12201,998.3628887694044
12202,998.3628887694044
12203,998.3628887694044
12204,998.3628887694044
12205,998.3628887694044
12206,998.3628887694044
12207,998.3628887694044
12208,998.3628887694044
12209,998.3628887694044
12210,998.3628887694044
12211,998.3628887694044
12212,998.3628887694044
12213,998.3628887694044
12214,998.3628887694044
12215,998.3628887694044
12216,998.3628887694044
12217,998.3628887694044
12218,998.3628887694044
12219,998.3628887694044
12220,998.3628887694044
12221,998.3628887694044
12222,998.3628887694044
12223,998.3628887694044
12224,998.3628887694044
12225,998.3628887694044
12226,998.3628887694044
12227,998.3628887694044
12228,998.3628887694044
12229,998.3628887694044
12230,998.3628887694044
12231,998.3628887694044
12232,998.3628887694044
12233,998.3628887694044
12234,998.3628887694044
12235,998.3628887694044
12236,998.3628887694044
12237,998.3628887694044
12238,998.3628887694044
12239,998.3628887694044
12240,998.3628887694044
12241,998.3628887694044
12242,998.3628887694044
12243,998.3628887694044
12244,998.3628887694044
12245,998.3628887694044
12246,998.3628887694044
12247,998.3628887694044
12248,998.3628887694044
12249,998.3628887694044
12250,998.3628887694044
12251,998.3628887694044
12252,998.3628887694044
12253,998.3628887694044
12254,998.3628887694044
12255,998.3628887694044
12256,998.3628887694044
12257,998.3628887694044
12258,998.3628887694044
12259,998.3628887694044
12260,998.3628887694044
12261,998.3628887694044
12262,998.3628887694044
12263,998.3628887694044
12264,998.3628887694044
12265,998.3628887694044
12266,998.3628887694044
12267,998.3628887694044
12268,998.3628887694044
12269,998.3628887694044
12270,998.3628887694044
12271,998.3628887694044
12272,998.3628887694044
12273,998.3628887694044
12274,998.3628887694044
12275,998.3628887694044
12276,998.3628887694044
12277,998.3628887694044
12278,998.3628887694044
12279,998.3628887694044
12280,998.3628887694044
12281,998.3628887694044
12282,998.3628887694044
12283,998.3628887694044
12284,998.3628887694044
12285,998.3628887694044
12286,998.3628887694044
12287,998.3628887694044
12288,998.3628887694044
12289,998.3628887694044
12290,998.3628887694044
12291,998.3628887694044
12292,998.3628887694044
12293,998.3628887694044
12294,998.3628887694044
12295,998.3628887694044
12296,998.3628887694044
12297,998.3628887694044
12298,998.3628887694044
12299,998.3628887694044
12300,998.3628887694044
12301,998.3628887694044
12302,998.3628887694044
12303,998.3628887694044
12304,998.3628887694044
12305,998.3628887694044
12306,998.3628887694044
12307,998.3628887694044
12308,998.3628887694044
12309,998.3628887694044
12310,998.3628887694044
12311,998.3628887694044
12312,998.3628887694044
12313,998.3628887694044
12314,998.3628887694044
12315,998.3628887694044
12316,998.3628887694044
12317,998.3628887694044
12318,998.3628887694044
12319,998.3628887694044
12320,998.3628887694044
12321,998.3628887694044
12322,998.3628887694044
12323,998.3628887694044
12324,998.3628887694044
12325,998.3628887694044
12326,998.3628887694044
12327,998.3628887694044
12328,998.3628887694044
12329,998.3628887694044
12330,998.3628887694044
12331,998.3628887694044
12332,998.3628887694044
12333,998.3628887694044
12334,998.3628887694044
12335,998.3628887694044
12336,998.3628887694044
12337,998.3628887694044
12338,998.3628887694044
12339,998.3628887694044
12340,998.3628887694044
12341,998.3628887694044
12342,998.3628887694044
12343,998.3628887694044
12344,998.3628887694044
12345,998.3628887694044
12346,998.3628887694044
12347,998.3628887694044
12348,998.3628887694044
12349,998.3628887694044
12350,998.3628887694044
12351,998.3628887694044
12352,998.3628887694044
12353,998.3628887694044
12354,998.3628887694044
12355,998.3628887694044
12356,998.3628887694044
12357,998.3628887694044
12358,998.3628887694044
12359,998.3628887694044
12360,998.3628887694044
12361,998.3628887694044
12362,998.3628887694044
12363,998.3628887694044
12364,998.3628887694044
12365,998.3628887694044
12366,998.3628887694044
12367,998.3628887694044
12368,998.3628887694044
12369,998.3628887694044
12370,998.3628887694044
12371,998.3628887694044
12372,998.3628887694044
12373,998.3628887694044
12374,998.3628887694044
12375,998.3628887694044
12376,998.3628887694044
12377,998.3628887694044
12378,998.3628887694044
12379,998.3628887694044
12380,998.3628887694044
12381,998.3628887694044
12382,998.3628887694044
12383,998.3628887694044
12384,998.3628887694044
12385,998.3628887694044
12386,998.3628887694044
12387,998.3628887694044
12388,998.3628887694044
12389,998.3628887694044
12390,998.3628887694044
12391,998.3628887694044
12392,998.3628887694044
12393,998.3628887694044
12394,998.3628887694044
12395,998.3628887694044
12396,998.3628887694044
12397,998.3628887694044
12398,998.3628887694044
12399,998.3628887694044
12400,998.3628887694044
12401,998.3628887694044
12402,998.3628887694044
12403,998.3628887694044
12404,998.3628887694044
12405,998.3628887694044
12406,998.3628887694044
12407,998.3628887694044
12408,998.3628887694044
12409,998.3628887694044
12410,998.3628887694044
12411,998.3628887694044
12412,998.3628887694044
12413,998.3628887694044
12414,998.3628887694044
12415,998.3628887694044
12416,998.3628887694044
12417,998.3628887694044
12418,998.3628887694044
12419,998.3628887694044
12420,998.3628887694044
12421,998.3628887694044
12422,998.3628887694044
12423,998.3628887694044
12424,998.3628887694044
12425,998.3628887694044
12426,998.3628887694044
12427,998.3628887694044
12428,998.3628887694044
12429,998.3628887694044
12430,998.3628887694044
12431,998.3628887694044
12432,998.3628887694044
12433,998.3628887694044
12434,998.3628887694044
12435,998.3628887694044
12436,998.3628887694044
12437,998.3628887694044
12438,998.3628887694044
12439,998.3628887694044
12440,998.3628887694044
12441,998.3628887694044
12442,998.3628887694044
12443,998.3628887694044
12444,998.3628887694044
12445,998.3628887694044
12446,998.3628887694044
12447,998.3628887694044
12448,998.3628887694044
12449,998.3628887694044
12450,998.3628887694044
12451,998.3628887694044
12452,998.3628887694044
12453,998.3628887694044
12454,998.3628887694044
12455,998.3628887694044
12456,998.3628887694044
12457,998.3628887694044
12458,998.3628887694044
12459,998.3628887694044
12460,998.3628887694044
12461,998.3628887694044
12462,998.3628887694044
12463,998.3628887694044
12464,998.3628887694044
12465,998.3628887694044
12466,998.3628887694044
12467,998.3628887694044
12468,998.3628887694044
12469,998.3628887694044
12470,998.3628887694044
12471,998.3628887694044
12472,998.3628887694044
12473,998.3628887694044
12474,998.3628887694044
12475,998.3628887694044
12476,998.3628887694044
12477,998.3628887694044
12478,998.3628887694044
12479,998.3628887694044
12480,998.3628887694044
12481,998.3628887694044
12482,998.3628887694044
12483,998.3628887694044
12484,998.3628887694044
12485,998.3628887694044
12486,998.3628887694044
12487,998.3628887694044
12488,998.3628887694044
12489,998.3628887694044
12490,998.3628887694044
12491,998.3628887694044
12492,998.3628887694044
12493,998.3628887694044
12494,998.3628887694044
12495,998.3628887694044
12496,998.3628887694044
12497,998.3628887694044
12498,998.3628887694044
12499,998.3628887694044
12500,998.3628887694044
12501,998.3628887694044
12502,998.3628887694044
12503,998.3628887694044
12504,998.3628887694044
12505,998.3628887694044
12506,998.3628887694044
12507,998.3628887694044
12508,998.3628887694044
12509,998.3628887694044
12510,998.3628887694044
12511,998.3628887694044
12512,998.3628887694044
12513,998.3628887694044
12514,998.3628887694044
12515,998.3628887694044
12516,998.3628887694044
12517,998.3628887694044
12518,998.3628887694044
12519,998.3628887694044
12520,998.3628887694044
12521,998.3628887694044
12522,998.3628887694044
12523,998.3628887694044
12524,998.3628887694044
12525,998.3628887694044
12526,998.3628887694044
12527,998.3628887694044
12528,998.3628887694044
12529,998.3628887694044
12530,998.3628887694044
12531,998.3628887694044
12532,998.3628887694044
12533,998.3628887694044
12534,998.3628887694044
12535,998.3628887694044
12536,998.3628887694044
12537,998.3628887694044
12538,998.3628887694044
12539,998.3628887694044
12540,998.3628887694044
12541,998.3628887694044
12542,998.3628887694044
12543,998.3628887694044
12544,998.3628887694044
12545,998.3628887694044
12546,998.3628887694044
12547,998.3628887694044
12548,998.3628887694044
12549,998.3628887694044
12550,998.3628887694044
12551,998.3628887694044
12552,998.3628887694044
12553,998.3628887694044
12554,998.3628887694044
12555,998.3628887694044
12556,998.3628887694044
12557,998.3628887694044
12558,998.3628887694044
12559,998.3628887694044
12560,998.3628887694044
12561,998.3628887694044
12562,998.3628887694044
12563,998.3628887694044
12564,998.3628887694044
12565,998.3628887694044
12566,998.3628887694044
12567,998.3628887694044
12568,998.3628887694044
12569,998.3628887694044
12570,998.3628887694044
12571,998.3628887694044
12572,998.3628887694044
12573,998.3628887694044
12574,998.3628887694044
12575,998.3628887694044
12576,998.3628887694044
12577,998.3628887694044
12578,998.3628887694044
12579,998.3628887694044
12580,998.3628887694044
12581,998.3628887694044
12582,998.3628887694044
12583,998.3628887694044
12584,998.3628887694044
12585,998.3628887694044
12586,998.3628887694044
12587,998.3628887694044
12588,998.3628887694044
12589,998.3628887694044
12590,998.3628887694044
12591,998.3628887694044
12592,998.3628887694044
12593,998.3628887694044
12594,998.3628887694044
12595,998.3628887694044
12596,998.3628887694044
12597,998.3628887694044
12598,998.3628887694044
12599,998.3628887694044
12600,998.3628887694044
12601,998.3628887694044
12602,998.3628887694044
12603,998.3628887694044
12604,998.3628887694044
12605,998.3628887694044
12606,998.3628887694044
12607,998.3628887694044
12608,998.3628887694044
12609,998.3628887694044
12610,998.3628887694044
12611,998.3628887694044
12612,998.3628887694044
12613,998.3628887694044
12614,998.3628887694044
12615,998.3628887694044
12616,998.3628887694044
12617,998.3628887694044
12618,998.3628887694044
12619,998.3628887694044
12620,998.3628887694044
12621,998.3628887694044
12622,998.3628887694044
12623,998.3628887694044
12624,998.3628887694044
12625,998.3628887694044
12626,998.3628887694044
12627,998.3628887694044
12628,998.3628887694044
12629,998.3628887694044
12630,998.3628887694044
12631,998.3628887694044
12632,998.3628887694044
12633,998.3628887694044
12634,998.3628887694044
12635,998.3628887694044
12636,998.3628887694044
12637,998.3628887694044
12638,998.3628887694044
12639,998.3628887694044
12640,998.3628887694044
12641,998.3628887694044
12642,998.3628887694044
12643,998.3628887694044
12644,998.3628887694044
12645,998.3628887694044
12646,998.3628887694044
12647,998.3628887694044
12648,998.3628887694044
12649,998.3628887694044
12650,998.3628887694044
12651,998.3628887694044
12652,998.3628887694044
12653,998.3628887694044
12654,998.3628887694044
12655,998.3628887694044
12656,998.3628887694044
12657,998.3628887694044
12658,998.3628887694044
12659,998.3628887694044
12660,998.3628887694044
12661,998.3628887694044
12662,998.3628887694044
12663,998.3628887694044
12664,998.3628887694044
12665,998.3628887694044
12666,998.3628887694044
12667,998.3628887694044
12668,998.3628887694044
12669,998.3628887694044
12670,998.3628887694044
12671,998.3628887694044
12672,998.3628887694044
12673,998.3628887694044
12674,998.3628887694044
12675,998.3628887694044
12676,998.3628887694044
12677,998.3628887694044
12678,998.3628887694044
12679,998.3628887694044
12680,998.3628887694044
12681,998.3628887694044
12682,998.3628887694044
12683,998.3628887694044
12684,998.3628887694044
12685,998.3628887694044
12686,998.3628887694044
12687,998.3628887694044
12688,998.3628887694044
12689,998.3628887694044
12690,998.3628887694044
12691,998.3628887694044
12692,998.3628887694044
12693,998.3628887694044
12694,998.3628887694044
12695,998.3628887694044
12696,998.3628887694044
12697,998.3628887694044
12698,998.3628887694044
12699,998.3628887694044
12700,998.3628887694044
12701,998.3628887694044
12702,998.3628887694044
12703,998.3628887694044
12704,998.3628887694044
12705,998.3628887694044
12706,998.3628887694044
12707,998.3628887694044
12708,998.3628887694044
12709,998.3628887694044
12710,998.3628887694044
12711,998.3628887694044
12712,998.3628887694044
12713,998.3628887694044
12714,998.3628887694044
12715,998.3628887694044
12716,998.3628887694044
12717,998.3628887694044
12718,998.3628887694044
12719,998.3628887694044
12720,998.3628887694044
12721,998.3628887694044
12722,998.3628887694044
12723,998.3628887694044
12724,998.3628887694044
12725,998.3628887694044
12726,998.3628887694044
12727,998.3628887694044
12728,998.3628887694044
12729,998.3628887694044
12730,998.3628887694044
12731,998.3628887694044
12732,998.3628887694044
12733,998.3628887694044
12734,998.3628887694044
12735,998.3628887694044
12736,998.3628887694044
12737,998.3628887694044
12738,998.3628887694044
12739,998.3628887694044
12740,998.3628887694044
12741,998.3628887694044
12742,998.3628887694044
12743,998.3628887694044
12744,998.3628887694044
12745,998.3628887694044
12746,998.3628887694044
12747,998.3628887694044
12748,998.3628887694044
12749,998.3628887694044
12750,998.3628887694044
12751,998.3628887694044
12752,998.3628887694044
12753,998.3628887694044
12754,998.3628887694044
12755,998.3628887694044
12756,998.3628887694044
12757,998.3628887694044
12758,998.3628887694044
12759,998.3628887694044
12760,998.3628887694044
12761,998.3628887694044
12762,998.3628887694044
12763,998.3628887694044
12764,998.3628887694044
12765,998.3628887694044
12766,998.3628887694044
12767,998.3628887694044
12768,998.3628887694044
12769,998.3628887694044
12770,998.3628887694044
12771,998.3628887694044
12772,998.3628887694044
12773,998.3628887694044
12774,998.3628887694044
12775,998.3628887694044
12776,998.3628887694044
12777,998.3628887694044
12778,998.3628887694044
12779,998.3628887694044
12780,998.3628887694044
12781,998.3628887694044
12782,998.3628887694044
12783,998.3628887694044
12784,998.3628887694044
12785,998.3628887694044
12786,998.3628887694044
12787,998.3628887694044
12788,998.3628887694044
12789,998.3628887694044
12790,998.3628887694044
12791,998.3628887694044
12792,998.3628887694044
12793,998.3628887694044
12794,998.3628887694044
12795,998.3628887694044
12796,998.3628887694044
12797,998.3628887694044
12798,998.3628887694044
12799,998.3628887694044
12800,998.3628887694044
12801,998.3628887694044
12802,998.3628887694044
12803,998.3628887694044
12804,998.3628887694044
12805,998.3628887694044
12806,998.3628887694044
12807,998.3628887694044
12808,998.3628887694044
12809,998.3628887694044
12810,998.3628887694044
12811,998.3628887694044
12812,998.3628887694044
12813,998.3628887694044
12814,998.3628887694044
12815,998.3628887694044
12816,998.3628887694044
12817,998.3628887694044
12818,998.3628887694044
12819,998.3628887694044
12820,998.3628887694044
12821,998.3628887694044
12822,998.3628887694044
12823,998.3628887694044
12824,998.3628887694044
12825,998.3628887694044
12826,998.3628887694044
12827,998.3628887694044
12828,998.3628887694044
12829,998.3628887694044
12830,998.3628887694044
12831,998.3628887694044
12832,998.3628887694044
12833,998.3628887694044
12834,998.3628887694044
12835,998.3628887694044
12836,998.3628887694044
12837,998.3628887694044
12838,998.3628887694044
12839,998.3628887694044
12840,998.3628887694044
12841,998.3628887694044
12842,998.3628887694044
12843,998.3628887694044
12844,998.3628887694044
12845,998.3628887694044
12846,998.3628887694044
12847,998.3628887694044
12848,998.3628887694044
12849,998.3628887694044
12850,998.3628887694044
12851,998.3628887694044
12852,998.3628887694044
12853,998.3628887694044
12854,998.3628887694044
12855,998.3628887694044
12856,998.3628887694044
12857,998.3628887694044
12858,998.3628887694044
12859,998.3628887694044
12860,998.3628887694044
12861,998.3628887694044
12862,998.3628887694044
12863,998.3628887694044
12864,998.3628887694044
12865,998.3628887694044
12866,998.3628887694044
12867,998.3628887694044
12868,998.3628887694044
12869,998.3628887694044
12870,998.3628887694044
12871,998.3628887694044
12872,998.3628887694044
12873,998.3628887694044
12874,998.3628887694044
12875,998.3628887694044
12876,998.3628887694044
12877,998.3628887694044
12878,998.3628887694044
12879,998.3628887694044
12880,998.3628887694044
12881,998.3628887694044
12882,998.3628887694044
12883,998.3628887694044
12884,998.3628887694044
12885,998.3628887694044
12886,998.3628887694044
12887,998.3628887694044
12888,998.3628887694044
12889,998.3628887694044
12890,998.3628887694044
12891,998.3628887694044
12892,998.3628887694044
12893,998.3628887694044
12894,998.3628887694044
12895,998.3628887694044
12896,998.3628887694044
12897,998.3628887694044
12898,998.3628887694044
12899,998.3628887694044
12900,998.3628887694044
12901,998.3628887694044
12902,998.3628887694044
12903,998.3628887694044
12904,998.3628887694044
12905,998.3628887694044
12906,998.3628887694044
12907,998.3628887694044
12908,998.3628887694044
12909,998.3628887694044
12910,998.3628887694044
12911,998.3628887694044
12912,998.3628887694044
12913,998.3628887694044
12914,998.3628887694044
12915,998.3628887694044
12916,998.3628887694044
12917,998.3628887694044
12918,998.3628887694044
12919,998.3628887694044
12920,998.3628887694044
12921,998.3628887694044
12922,998.3628887694044
12923,998.3628887694044
12924,998.3628887694044
12925,998.3628887694044
12926,998.3628887694044
12927,998.3628887694044
12928,998.3628887694044
12929,998.3628887694044
12930,998.3628887694044
12931,998.3628887694044
12932,998.3628887694044
12933,998.3628887694044
12934,998.3628887694044
12935,998.3628887694044
12936,998.3628887694044
12937,998.3628887694044
12938,998.3628887694044
12939,998.3628887694044
12940,998.3628887694044
12941,998.3628887694044
12942,998.3628887694044
12943,998.3628887694044
12944,998.3628887694044
12945,998.3628887694044
12946,998.3628887694044
12947,998.3628887694044
12948,998.3628887694044
12949,998.3628887694044
12950,998.3628887694044
12951,998.3628887694044
12952,998.3628887694044
12953,998.3628887694044
12954,998.3628887694044
12955,998.3628887694044
12956,998.3628887694044
12957,998.3628887694044
12958,998.3628887694044
12959,998.3628887694044
12960,998.3628887694044
12961,998.3628887694044
12962,998.3628887694044
12963,998.3628887694044
12964,998.3628887694044
12965,998.3628887694044
12966,998.3628887694044
12967,998.3628887694044
12968,998.3628887694044
12969,998.3628887694044
12970,998.3628887694044
12971,998.3628887694044
12972,998.3628887694044
12973,998.3628887694044
12974,998.3628887694044
12975,998.3628887694044
12976,998.3628887694044
12977,998.3628887694044
12978,998.3628887694044
12979,998.3628887694044
12980,998.3628887694044
12981,998.3628887694044
12982,998.3628887694044
12983,998.3628887694044
12984,998.3628887694044
12985,998.3628887694044
12986,998.3628887694044
12987,998.3628887694044
12988,998.3628887694044
12989,998.3628887694044
12990,998.3628887694044
12991,998.3628887694044
12992,998.3628887694044
12993,998.3628887694044
12994,998.3628887694044
12995,998.3628887694044
12996,998.3628887694044
12997,998.3628887694044
12998,998.3628887694044
12999,998.3628887694044
13000,998.3628887694044
13001,998.3628887694044
13002,998.3628887694044
13003,998.3628887694044
13004,998.3628887694044
13005,998.3628887694044
13006,998.3628887694044
13007,998.3628887694044
13008,998.3628887694044
13009,998.3628887694044
13010,998.3628887694044
13011,998.3628887694044
13012,998.3628887694044
13013,998.3628887694044
13014,998.3628887694044
13015,998.3628887694044
13016,998.3628887694044
13017,998.3628887694044
13018,998.3628887694044
13019,998.3628887694044
13020,998.3628887694044
13021,998.3628887694044
13022,998.3628887694044
13023,998.3628887694044
13024,998.3628887694044
13025,998.3628887694044
13026,998.3628887694044
13027,998.3628887694044
13028,998.3628887694044
13029,998.3628887694044
13030,998.3628887694044
13031,998.3628887694044
13032,998.3628887694044
13033,998.3628887694044
13034,998.3628887694044
13035,998.3628887694044
13036,998.3628887694044
13037,998.3628887694044
13038,998.3628887694044
13039,998.3628887694044
13040,998.3628887694044
13041,998.3628887694044
13042,998.3628887694044
13043,998.3628887694044
13044,998.3628887694044
13045,998.3628887694044
13046,998.3628887694044
13047,998.3628887694044
13048,998.3628887694044
13049,998.3628887694044
13050,998.3628887694044
13051,998.3628887694044
13052,998.3628887694044
13053,998.3628887694044
13054,998.3628887694044
13055,998.3628887694044
13056,998.3628887694044
13057,998.3628887694044
13058,998.3628887694044
13059,998.3628887694044
13060,998.3628887694044
13061,998.3628887694044
13062,998.3628887694044
13063,998.3628887694044
13064,998.3628887694044
13065,998.3628887694044
13066,998.3628887694044
13067,998.3628887694044
13068,998.3628887694044
13069,998.3628887694044
13070,998.3628887694044
13071,998.3628887694044
13072,998.3628887694044
13073,998.3628887694044
13074,998.3628887694044
13075,998.3628887694044
13076,998.3628887694044
13077,998.3628887694044
13078,998.3628887694044
13079,998.3628887694044
13080,998.3628887694044
13081,998.3628887694044
13082,998.3628887694044
13083,998.3628887694044
13084,998.3628887694044
13085,998.3628887694044
13086,998.3628887694044
13087,998.3628887694044
13088,998.3628887694044
13089,998.3628887694044
13090,998.3628887694044
13091,998.3628887694044
13092,998.3628887694044
13093,998.3628887694044
13094,998.3628887694044
13095,998.3628887694044
13096,998.3628887694044
13097,998.3628887694044
13098,998.3628887694044
13099,998.3628887694044
13100,998.3628887694044
13101,998.3628887694044
13102,998.3628887694044
13103,998.3628887694044
13104,998.3628887694044
13105,998.3628887694044
13106,998.3628887694044
13107,998.3628887694044
13108,998.3628887694044
13109,998.3628887694044
13110,998.3628887694044
13111,998.3628887694044
13112,998.3628887694044
13113,998.3628887694044
13114,998.3628887694044
13115,998.3628887694044
13116,998.3628887694044
13117,998.3628887694044
13118,998.3628887694044
13119,998.3628887694044
13120,998.3628887694044
13121,998.3628887694044
13122,998.3628887694044
13123,998.3628887694044
13124,998.3628887694044
13125,998.3628887694044
13126,998.3628887694044
13127,998.3628887694044
13128,998.3628887694044
13129,998.3628887694044
13130,998.3628887694044
13131,998.3628887694044
13132,998.3628887694044
13133,998.3628887694044
13134,998.3628887694044
13135,998.3628887694044
13136,998.3628887694044
13137,998.3628887694044
13138,998.3628887694044
13139,998.3628887694044
13140,998.3628887694044
13141,998.3628887694044
13142,998.3628887694044
13143,998.3628887694044
13144,998.3628887694044
13145,998.3628887694044
13146,998.3628887694044
13147,998.3628887694044
13148,998.3628887694044
13149,998.3628887694044
13150,998.3628887694044
13151,998.3628887694044
13152,998.3628887694044
13153,998.3628887694044
13154,998.3628887694044
13155,998.3628887694044
13156,998.3628887694044
13157,998.3628887694044
13158,998.3628887694044
13159,998.3628887694044
13160,998.3628887694044
13161,998.3628887694044
13162,998.3628887694044
13163,998.3628887694044
13164,998.3628887694044
13165,998.3628887694044
13166,998.3628887694044
13167,998.3628887694044
13168,998.3628887694044
13169,998.3628887694044
13170,998.3628887694044
13171,998.3628887694044
13172,998.3628887694044
13173,998.3628887694044
13174,998.3628887694044
13175,998.3628887694044
13176,998.3628887694044
13177,998.3628887694044
13178,998.3628887694044
13179,998.3628887694044
13180,998.3628887694044
13181,998.3628887694044
13182,998.3628887694044
13183,998.3628887694044
13184,998.3628887694044
13185,998.3628887694044
13186,998.3628887694044
13187,998.3628887694044
13188,998.3628887694044
13189,998.3628887694044
13190,998.3628887694044
13191,998.3628887694044
13192,998.3628887694044
13193,998.3628887694044
13194,998.3628887694044
13195,998.3628887694044
13196,998.3628887694044
13197,998.3628887694044
13198,998.3628887694044
13199,998.3628887694044
13200,998.3628887694044
13201,998.3628887694044
13202,998.3628887694044
13203,998.3628887694044
13204,998.3628887694044
13205,998.3628887694044
13206,998.3628887694044
13207,998.3628887694044
13208,998.3628887694044
13209,998.3628887694044
13210,998.3628887694044
13211,998.3628887694044
13212,998.3628887694044
13213,998.3628887694044
13214,998.3628887694044
13215,998.3628887694044
13216,998.3628887694044
13217,998.3628887694044
13218,998.3628887694044
13219,998.3628887694044
13220,998.3628887694044
13221,998.3628887694044
13222,998.3628887694044
13223,998.3628887694044
13224,998.3628887694044
13225,998.3628887694044
13226,998.3628887694044
13227,998.3628887694044
13228,998.3628887694044
13229,998.3628887694044
13230,998.3628887694044
13231,998.3628887694044
13232,998.3628887694044
13233,998.3628887694044
13234,998.3628887694044
13235,998.3628887694044
13236,998.3628887694044
13237,998.3628887694044
13238,998.3628887694044
13239,998.3628887694044
13240,998.3628887694044
13241,998.3628887694044
13242,998.3628887694044
13243,998.3628887694044
13244,998.3628887694044
13245,998.3628887694044
13246,998.3628887694044
13247,998.3628887694044
13248,998.3628887694044
13249,998.3628887694044
13250,998.3628887694044
13251,998.3628887694044
13252,998.3628887694044
13253,998.3628887694044
13254,998.3628887694044
13255,998.3628887694044
13256,998.3628887694044
13257,998.3628887694044
13258,998.3628887694044
13259,998.3628887694044
13260,998.3628887694044
13261,998.3628887694044
13262,998.3628887694044
13263,998.3628887694044
13264,998.3628887694044
13265,998.3628887694044
13266,998.3628887694044
13267,998.3628887694044
13268,998.3628887694044
13269,998.3628887694044
13270,998.3628887694044
13271,998.3628887694044
13272,998.3628887694044
13273,998.3628887694044
13274,998.3628887694044
13275,998.3628887694044
13276,998.3628887694044
13277,998.3628887694044
13278,998.3628887694044
13279,998.3628887694044
13280,998.3628887694044
13281,998.3628887694044
13282,998.3628887694044
13283,998.3628887694044
13284,998.3628887694044
13285,998.3628887694044
13286,998.3628887694044
13287,998.3628887694044
13288,998.3628887694044
13289,998.3628887694044
13290,998.3628887694044
13291,998.3628887694044
13292,998.3628887694044
13293,998.3628887694044
13294,998.3628887694044
13295,998.3628887694044
13296,998.3628887694044
13297,998.3628887694044
13298,998.3628887694044
13299,998.3628887694044
13300,998.3628887694044
13301,998.3628887694044
13302,998.3628887694044
13303,998.3628887694044
13304,998.3628887694044
13305,998.3628887694044
13306,998.3628887694044
13307,998.3628887694044
13308,998.3628887694044
13309,998.3628887694044
13310,998.3628887694044
13311,998.3628887694044
13312,998.3628887694044
13313,998.3628887694044
13314,998.3628887694044
13315,998.3628887694044
13316,998.3628887694044
13317,998.3628887694044
13318,998.3628887694044
13319,998.3628887694044
13320,998.3628887694044
13321,998.3628887694044
13322,998.3628887694044
13323,998.3628887694044
13324,998.3628887694044
13325,998.3628887694044
13326,998.3628887694044
13327,998.3628887694044
13328,998.3628887694044
13329,998.3628887694044
13330,998.3628887694044
13331,998.3628887694044
13332,998.3628887694044
13333,998.3628887694044
13334,998.3628887694044
13335,998.3628887694044
13336,998.3628887694044
13337,998.3628887694044
13338,998.3628887694044
13339,998.3628887694044
13340,998.3628887694044
13341,998.3628887694044
13342,998.3628887694044
13343,998.3628887694044
13344,998.3628887694044
13345,998.3628887694044
13346,998.3628887694044
13347,998.3628887694044
13348,998.3628887694044
13349,998.3628887694044
13350,998.3628887694044
13351,998.3628887694044
13352,998.3628887694044
13353,998.3628887694044
13354,998.3628887694044
13355,998.3628887694044
13356,998.3628887694044
13357,998.3628887694044
13358,998.3628887694044
13359,998.3628887694044
13360,998.3628887694044
13361,998.3628887694044
13362,998.3628887694044
13363,998.3628887694044
13364,998.3628887694044
13365,998.3628887694044
13366,998.3628887694044
13367,998.3628887694044
13368,998.3628887694044
13369,998.3628887694044
13370,998.3628887694044
13371,998.3628887694044
13372,998.3628887694044
13373,998.3628887694044
13374,998.3628887694044
13375,998.3628887694044
13376,998.3628887694044
13377,998.3628887694044
13378,998.3628887694044
13379,998.3628887694044
13380,998.3628887694044
13381,998.3628887694044
13382,998.3628887694044
13383,998.3628887694044
13384,998.3628887694044
13385,998.3628887694044
13386,998.3628887694044
13387,998.3628887694044
13388,998.3628887694044
13389,998.3628887694044
13390,998.3628887694044
13391,998.3628887694044
13392,998.3628887694044
13393,998.3628887694044
13394,998.3628887694044
13395,998.3628887694044
13396,998.3628887694044
13397,998.3628887694044
13398,998.3628887694044
13399,998.3628887694044
13400,998.3628887694044
13401,998.3628887694044
13402,998.3628887694044
13403,998.3628887694044
13404,998.3628887694044
13405,998.3628887694044
13406,998.3628887694044
13407,998.3628887694044
13408,998.3628887694044
13409,998.3628887694044
13410,998.3628887694044
13411,998.3628887694044
13412,998.3628887694044
13413,998.3628887694044
13414,998.3628887694044
13415,998.3628887694044
13416,998.3628887694044
13417,998.3628887694044
13418,998.3628887694044
13419,998.3628887694044
13420,998.3628887694044
13421,998.3628887694044
13422,998.3628887694044
13423,998.3628887694044
13424,998.3628887694044
13425,998.3628887694044
13426,998.3628887694044
13427,998.3628887694044
13428,998.3628887694044
13429,998.3628887694044
13430,998.3628887694044
13431,998.3628887694044
13432,998.3628887694044
13433,998.3628887694044
13434,998.3628887694044
13435,998.3628887694044
13436,998.3628887694044
13437,998.3628887694044
13438,998.3628887694044
13439,998.3628887694044
13440,998.3628887694044
13441,998.3628887694044
13442,998.3628887694044
13443,998.3628887694044
13444,998.3628887694044
13445,998.3628887694044
13446,998.3628887694044
13447,998.3628887694044
13448,998.3628887694044
13449,998.3628887694044
13450,998.3628887694044
13451,998.3628887694044
13452,998.3628887694044
13453,998.3628887694044
13454,998.3628887694044
13455,998.3628887694044
13456,998.3628887694044
13457,998.3628887694044
13458,998.3628887694044
13459,998.3628887694044
13460,998.3628887694044
13461,998.3628887694044
13462,998.3628887694044
13463,998.3628887694044
13464,998.3628887694044
13465,998.3628887694044
13466,998.3628887694044
13467,998.3628887694044
13468,998.3628887694044
13469,998.3628887694044
13470,998.3628887694044
13471,998.3628887694044
13472,998.3628887694044
13473,998.3628887694044
13474,998.3628887694044
13475,998.3628887694044
13476,998.3628887694044
13477,998.3628887694044
13478,998.3628887694044
13479,998.3628887694044
13480,998.3628887694044
13481,998.3628887694044
13482,998.3628887694044
13483,998.3628887694044
13484,998.3628887694044
13485,998.3628887694044
13486,998.3628887694044
13487,998.3628887694044
13488,998.3628887694044
13489,998.3628887694044
13490,998.3628887694044
13491,998.3628887694044
13492,998.3628887694044
13493,998.3628887694044
13494,998.3628887694044
13495,998.3628887694044
13496,998.3628887694044
13497,998.3628887694044
13498,998.3628887694044
13499,998.3628887694044
13500,998.3628887694044
13501,998.3628887694044
13502,998.3628887694044
13503,998.3628887694044
13504,998.3628887694044
13505,998.3628887694044
13506,998.3628887694044
13507,998.3628887694044
13508,998.3628887694044
13509,998.3628887694044
13510,998.3628887694044
13511,998.3628887694044
13512,998.3628887694044
13513,998.3628887694044
13514,998.3628887694044
13515,998.3628887694044
13516,998.3628887694044
13517,998.3628887694044
13518,998.3628887694044
13519,998.3628887694044
13520,998.3628887694044
13521,998.3628887694044
13522,998.3628887694044
13523,998.3628887694044
13524,998.3628887694044
13525,998.3628887694044
13526,998.3628887694044
13527,998.3628887694044
13528,998.3628887694044
13529,998.3628887694044
13530,998.3628887694044
13531,998.3628887694044
13532,998.3628887694044
13533,998.3628887694044
13534,998.3628887694044
13535,998.3628887694044
13536,998.3628887694044
13537,998.3628887694044
13538,998.3628887694044
13539,998.3628887694044
13540,998.3628887694044
13541,998.3628887694044
13542,998.3628887694044
13543,998.3628887694044
13544,998.3628887694044
13545,998.3628887694044
13546,998.3628887694044
13547,998.3628887694044
13548,998.3628887694044
13549,998.3628887694044
13550,998.3628887694044
13551,998.3628887694044
13552,998.3628887694044
13553,998.3628887694044
13554,998.3628887694044
13555,998.3628887694044
13556,998.3628887694044
13557,998.3628887694044
13558,998.3628887694044
13559,998.3628887694044
13560,998.3628887694044
13561,998.3628887694044
13562,998.3628887694044
13563,998.3628887694044
13564,998.3628887694044
13565,998.3628887694044
13566,998.3628887694044
13567,998.3628887694044
13568,998.3628887694044
13569,998.3628887694044
13570,998.3628887694044
13571,998.3628887694044
13572,998.3628887694044
13573,998.3628887694044
13574,998.3628887694044
13575,998.3628887694044
13576,998.3628887694044
13577,998.3628887694044
13578,998.3628887694044
13579,998.3628887694044
13580,998.3628887694044
13581,998.3628887694044
13582,998.3628887694044
13583,998.3628887694044
13584,998.3628887694044
13585,998.3628887694044
13586,998.3628887694044
13587,998.3628887694044
13588,998.3628887694044
13589,998.3628887694044
13590,998.3628887694044
13591,998.3628887694044
13592,998.3628887694044
13593,998.3628887694044
13594,998.3628887694044
13595,998.3628887694044
13596,998.3628887694044
13597,998.3628887694044
13598,998.3628887694044
13599,998.3628887694044
13600,998.3628887694044
13601,998.3628887694044
13602,998.3628887694044
13603,998.3628887694044
13604,998.3628887694044
13605,998.3628887694044
13606,998.3628887694044
13607,998.3628887694044
13608,998.3628887694044
13609,998.3628887694044
13610,998.3628887694044
13611,998.3628887694044
13612,998.3628887694044
13613,998.3628887694044
13614,998.3628887694044
13615,998.3628887694044
13616,998.3628887694044
13617,998.3628887694044
13618,998.3628887694044
13619,998.3628887694044
13620,998.3628887694044
13621,998.3628887694044
13622,998.3628887694044
13623,998.3628887694044
13624,998.3628887694044
13625,998.3628887694044
13626,998.3628887694044
13627,998.3628887694044
13628,998.3628887694044
13629,998.3628887694044
13630,998.3628887694044
13631,998.3628887694044
13632,998.3628887694044
13633,998.3628887694044
13634,998.3628887694044
13635,998.3628887694044
13636,998.3628887694044
13637,998.3628887694044
13638,998.3628887694044
13639,998.3628887694044
13640,998.3628887694044
13641,998.3628887694044
13642,998.3628887694044
13643,998.3628887694044
13644,998.3628887694044
13645,998.3628887694044
13646,998.3628887694044
13647,998.3628887694044
13648,998.3628887694044
13649,998.3628887694044
13650,998.3628887694044
13651,998.3628887694044
13652,998.3628887694044
13653,998.3628887694044
13654,998.3628887694044
13655,998.3628887694044
13656,998.3628887694044
13657,998.3628887694044
13658,998.3628887694044
13659,998.3628887694044
13660,998.3628887694044
13661,998.3628887694044
13662,998.3628887694044
13663,998.3628887694044
13664,998.3628887694044
13665,998.3628887694044
13666,998.3628887694044
13667,998.3628887694044
13668,998.3628887694044
13669,998.3628887694044
13670,998.3628887694044
13671,998.3628887694044
13672,998.3628887694044
13673,998.3628887694044
13674,998.3628887694044
13675,998.3628887694044
13676,998.3628887694044
13677,998.3628887694044
13678,998.3628887694044
13679,998.3628887694044
13680,998.3628887694044
13681,998.3628887694044
13682,998.3628887694044
13683,998.3628887694044
13684,998.3628887694044
13685,998.3628887694044
13686,998.3628887694044
13687,998.3628887694044
13688,998.3628887694044
13689,998.3628887694044
13690,998.3628887694044
13691,998.3628887694044
13692,998.3628887694044
13693,998.3628887694044
13694,998.3628887694044
13695,998.3628887694044
13696,998.3628887694044
13697,998.3628887694044
13698,998.3628887694044
13699,998.3628887694044
13700,998.3628887694044
13701,998.3628887694044
13702,998.3628887694044
13703,998.3628887694044
13704,998.3628887694044
13705,998.3628887694044
13706,998.3628887694044
13707,998.3628887694044
13708,998.3628887694044
13709,998.3628887694044
13710,998.3628887694044
13711,998.3628887694044
13712,998.3628887694044
13713,998.3628887694044
13714,998.3628887694044
13715,998.3628887694044
13716,998.3628887694044
13717,998.3628887694044
13718,998.3628887694044
13719,998.3628887694044
13720,998.3628887694044
13721,998.3628887694044
13722,998.3628887694044
13723,998.3628887694044
13724,998.3628887694044
13725,998.3628887694044
13726,998.3628887694044
13727,998.3628887694044
13728,998.3628887694044
13729,998.3628887694044
13730,998.3628887694044
13731,998.3628887694044
13732,998.3628887694044
13733,998.3628887694044
13734,998.3628887694044
13735,998.3628887694044
13736,998.3628887694044
13737,998.3628887694044
13738,998.3628887694044
13739,998.3628887694044
13740,998.3628887694044
13741,998.3628887694044
13742,998.3628887694044
13743,998.3628887694044
13744,998.3628887694044
13745,998.3628887694044
13746,998.3628887694044
13747,998.3628887694044
13748,998.3628887694044
13749,998.3628887694044
13750,998.3628887694044
13751,998.3628887694044
13752,998.3628887694044
13753,998.3628887694044
13754,998.3628887694044
13755,998.3628887694044
13756,998.3628887694044
13757,998.3628887694044
13758,998.3628887694044
13759,998.3628887694044
13760,998.3628887694044
13761,998.3628887694044
13762,998.3628887694044
13763,998.3628887694044
13764,998.3628887694044
13765,998.3628887694044
13766,998.3628887694044
13767,998.3628887694044
13768,998.3628887694044
13769,998.3628887694044
13770,998.3628887694044
13771,998.3628887694044
13772,998.3628887694044
13773,998.3628887694044
13774,998.3628887694044
13775,998.3628887694044
13776,998.3628887694044
13777,998.3628887694044
13778,998.3628887694044
13779,998.3628887694044
13780,998.3628887694044
13781,998.3628887694044
13782,998.3628887694044
13783,998.3628887694044
13784,998.3628887694044
13785,998.3628887694044
13786,998.3628887694044
13787,998.3628887694044
13788,998.3628887694044
13789,998.3628887694044
13790,998.3628887694044
13791,998.3628887694044
13792,998.3628887694044
13793,998.3628887694044
13794,998.3628887694044
13795,998.3628887694044
13796,998.3628887694044
13797,998.3628887694044
13798,998.3628887694044
13799,998.3628887694044
13800,998.3628887694044
13801,998.3628887694044
13802,998.3628887694044
13803,998.3628887694044
13804,998.3628887694044
13805,998.3628887694044
13806,998.3628887694044
13807,998.3628887694044
13808,998.3628887694044
13809,998.3628887694044
13810,998.3628887694044
13811,998.3628887694044
13812,998.3628887694044
13813,998.3628887694044
13814,998.3628887694044
13815,998.3628887694044
13816,998.3628887694044
13817,998.3628887694044
13818,998.3628887694044
13819,998.3628887694044
13820,998.3628887694044
13821,998.3628887694044
13822,998.3628887694044
13823,998.3628887694044
13824,998.3628887694044
13825,998.3628887694044
13826,998.3628887694044
13827,998.3628887694044
13828,998.3628887694044
13829,998.3628887694044
13830,998.3628887694044
13831,998.3628887694044
13832,998.3628887694044
13833,998.3628887694044
13834,998.3628887694044
13835,998.3628887694044
13836,998.3628887694044
13837,998.3628887694044
13838,998.3628887694044
13839,998.3628887694044
13840,998.3628887694044
13841,998.3628887694044
13842,998.3628887694044
13843,998.3628887694044
13844,998.3628887694044
13845,998.3628887694044
13846,998.3628887694044
13847,998.3628887694044
13848,998.3628887694044
13849,998.3628887694044
13850,998.3628887694044
13851,998.3628887694044
13852,998.3628887694044
13853,998.3628887694044
13854,998.3628887694044
13855,998.3628887694044
13856,998.3628887694044
13857,998.3628887694044
13858,998.3628887694044
13859,998.3628887694044
13860,998.3628887694044
13861,998.3628887694044
13862,998.3628887694044
13863,998.3628887694044
13864,998.3628887694044
13865,998.3628887694044
13866,998.3628887694044
13867,998.3628887694044
13868,998.3628887694044
13869,998.3628887694044
13870,998.3628887694044
13871,998.3628887694044
13872,998.3628887694044
13873,998.3628887694044
13874,998.3628887694044
13875,998.3628887694044
13876,998.3628887694044
13877,998.3628887694044
13878,998.3628887694044
13879,998.3628887694044
13880,998.3628887694044
13881,998.3628887694044
13882,998.3628887694044
13883,998.3628887694044
13884,998.3628887694044
13885,998.3628887694044
13886,998.3628887694044
13887,998.3628887694044
13888,998.3628887694044
13889,998.3628887694044
13890,998.3628887694044
13891,998.3628887694044
13892,998.3628887694044
13893,998.3628887694044
13894,998.3628887694044
13895,998.3628887694044
13896,998.3628887694044
13897,998.3628887694044
13898,998.3628887694044
13899,998.3628887694044
13900,998.3628887694044
13901,998.3628887694044
13902,998.3628887694044
13903,998.3628887694044
13904,998.3628887694044
13905,998.3628887694044
13906,998.3628887694044
13907,998.3628887694044
13908,998.3628887694044
13909,998.3628887694044
13910,998.3628887694044
13911,998.3628887694044
13912,998.3628887694044
13913,998.3628887694044
13914,998.3628887694044
13915,998.3628887694044
13916,998.3628887694044
13917,998.3628887694044
13918,998.3628887694044
13919,998.3628887694044
13920,998.3628887694044
13921,998.3628887694044
13922,998.3628887694044
13923,998.3628887694044
13924,998.3628887694044
13925,998.3628887694044
13926,998.3628887694044
13927,998.3628887694044
13928,998.3628887694044
13929,998.3628887694044
13930,998.3628887694044
13931,998.3628887694044
13932,998.3628887694044
13933,998.3628887694044
13934,998.3628887694044
13935,998.3628887694044
13936,998.3628887694044
13937,998.3628887694044
13938,998.3628887694044
13939,998.3628887694044
13940,998.3628887694044
13941,998.3628887694044
13942,998.3628887694044
13943,998.3628887694044
13944,998.3628887694044
13945,998.3628887694044
13946,998.3628887694044
13947,998.3628887694044
13948,998.3628887694044
13949,998.3628887694044
13950,998.3628887694044
13951,998.3628887694044
13952,998.3628887694044
13953,998.3628887694044
13954,998.3628887694044
13955,998.3628887694044
13956,998.3628887694044
13957,998.3628887694044
13958,998.3628887694044
13959,998.3628887694044
13960,998.3628887694044
13961,998.3628887694044
13962,998.3628887694044
13963,998.3628887694044
13964,998.3628887694044
13965,998.3628887694044
13966,998.3628887694044
13967,998.3628887694044
13968,998.3628887694044
13969,998.3628887694044
13970,998.3628887694044
13971,998.3628887694044
13972,998.3628887694044
13973,998.3628887694044
13974,998.3628887694044
13975,998.3628887694044
13976,998.3628887694044
13977,998.3628887694044
13978,998.3628887694044
13979,998.3628887694044
13980,998.3628887694044
13981,998.3628887694044
13982,998.3628887694044
13983,998.3628887694044
13984,998.3628887694044
13985,998.3628887694044
13986,998.3628887694044
13987,998.3628887694044
13988,998.3628887694044
13989,998.3628887694044
13990,998.3628887694044
13991,998.3628887694044
13992,998.3628887694044
13993,998.3628887694044
13994,998.3628887694044
13995,998.3628887694044
13996,998.3628887694044
13997,998.3628887694044
13998,998.3628887694044
13999,998.3628887694044
14000,998.3628887694044
14001,998.3628887694044
14002,998.3628887694044
14003,998.3628887694044
14004,998.3628887694044
14005,998.3628887694044
14006,998.3628887694044
14007,998.3628887694044
14008,998.3628887694044
14009,998.3628887694044
14010,998.3628887694044
14011,998.3628887694044
14012,998.3628887694044
14013,998.3628887694044
14014,998.3628887694044
14015,998.3628887694044
14016,998.3628887694044
14017,998.3628887694044
14018,998.3628887694044
14019,998.3628887694044
14020,998.3628887694044
14021,998.3628887694044
14022,998.3628887694044
14023,998.3628887694044
14024,998.3628887694044
14025,998.3628887694044
14026,998.3628887694044
14027,998.3628887694044
14028,998.3628887694044
14029,998.3628887694044
14030,998.3628887694044
14031,998.3628887694044
14032,998.3628887694044
14033,998.3628887694044
14034,998.3628887694044
14035,998.3628887694044
14036,998.3628887694044
14037,998.3628887694044
14038,998.3628887694044
14039,998.3628887694044
14040,998.3628887694044
14041,998.3628887694044
14042,998.3628887694044
14043,998.3628887694044
14044,998.3628887694044
14045,998.3628887694044
14046,998.3628887694044
14047,998.3628887694044
14048,998.3628887694044
14049,998.3628887694044
14050,998.3628887694044
14051,998.3628887694044
14052,998.3628887694044
14053,998.3628887694044
14054,998.3628887694044
14055,998.3628887694044
14056,998.3628887694044
14057,998.3628887694044
14058,998.3628887694044
14059,998.3628887694044
14060,998.3628887694044
14061,998.3628887694044
14062,998.3628887694044
14063,998.3628887694044
14064,998.3628887694044
14065,998.3628887694044
14066,998.3628887694044
14067,998.3628887694044
14068,998.3628887694044
14069,998.3628887694044
14070,998.3628887694044
14071,998.3628887694044
14072,998.3628887694044
14073,998.3628887694044
14074,998.3628887694044
14075,998.3628887694044
14076,998.3628887694044
14077,998.3628887694044
14078,998.3628887694044
14079,998.3628887694044
14080,998.3628887694044
14081,998.3628887694044
14082,998.3628887694044
14083,998.3628887694044
14084,998.3628887694044
14085,998.3628887694044
14086,998.3628887694044
14087,998.3628887694044
14088,998.3628887694044
14089,998.3628887694044
14090,998.3628887694044
14091,998.3628887694044
14092,998.3628887694044
14093,998.3628887694044
14094,998.3628887694044
14095,998.3628887694044
14096,998.3628887694044
14097,998.3628887694044
14098,998.3628887694044
14099,998.3628887694044
14100,998.3628887694044
14101,998.3628887694044
14102,998.3628887694044
14103,998.3628887694044
14104,998.3628887694044
14105,998.3628887694044
14106,998.3628887694044
14107,998.3628887694044
14108,998.3628887694044
14109,998.3628887694044
14110,998.3628887694044
14111,998.3628887694044
14112,998.3628887694044
14113,998.3628887694044
14114,998.3628887694044
14115,998.3628887694044
14116,998.3628887694044
14117,998.3628887694044
14118,998.3628887694044
14119,998.3628887694044
14120,998.3628887694044
14121,998.3628887694044
14122,998.3628887694044
14123,998.3628887694044
14124,998.3628887694044
14125,998.3628887694044
14126,998.3628887694044
14127,998.3628887694044
14128,998.3628887694044
14129,998.3628887694044
14130,998.3628887694044
14131,998.3628887694044
14132,998.3628887694044
14133,998.3628887694044
14134,998.3628887694044
14135,998.3628887694044
14136,998.3628887694044
14137,998.3628887694044
14138,998.3628887694044
14139,998.3628887694044
14140,998.3628887694044
14141,998.3628887694044
14142,998.3628887694044
14143,998.3628887694044
14144,998.3628887694044
14145,998.3628887694044
14146,998.3628887694044
14147,998.3628887694044
14148,998.3628887694044
14149,998.3628887694044
14150,998.3628887694044
14151,998.3628887694044
14152,998.3628887694044
14153,998.3628887694044
14154,998.3628887694044
14155,998.3628887694044
14156,998.3628887694044
14157,998.3628887694044
14158,998.3628887694044
14159,998.3628887694044
14160,998.3628887694044
14161,998.3628887694044
14162,998.3628887694044
14163,998.3628887694044
14164,998.3628887694044
14165,998.3628887694044
14166,998.3628887694044
14167,998.3628887694044
14168,998.3628887694044
14169,998.3628887694044
14170,998.3628887694044
14171,998.3628887694044
14172,998.3628887694044
14173,998.3628887694044
14174,998.3628887694044
14175,998.3628887694044
14176,998.3628887694044
14177,998.3628887694044
14178,998.3628887694044
14179,998.3628887694044
14180,998.3628887694044
14181,998.3628887694044
14182,998.3628887694044
14183,998.3628887694044
14184,998.3628887694044
14185,998.3628887694044
14186,998.3628887694044
14187,998.3628887694044
14188,998.3628887694044
14189,998.3628887694044
14190,998.3628887694044
14191,998.3628887694044
14192,998.3628887694044
14193,998.3628887694044
14194,998.3628887694044
14195,998.3628887694044
14196,998.3628887694044
14197,998.3628887694044
14198,998.3628887694044
14199,998.3628887694044
14200,998.3628887694044
14201,998.3628887694044
14202,998.3628887694044
14203,998.3628887694044
14204,998.3628887694044
14205,998.3628887694044
14206,998.3628887694044
14207,998.3628887694044
14208,998.3628887694044
14209,998.3628887694044
14210,998.3628887694044
14211,998.3628887694044
14212,998.3628887694044
14213,998.3628887694044
14214,998.3628887694044
14215,998.3628887694044
14216,998.3628887694044
14217,998.3628887694044
14218,998.3628887694044
14219,998.3628887694044
14220,998.3628887694044
14221,998.3628887694044
14222,998.3628887694044
14223,998.3628887694044
14224,998.3628887694044
14225,998.3628887694044
14226,998.3628887694044
14227,998.3628887694044
14228,998.3628887694044
14229,998.3628887694044
14230,998.3628887694044
14231,998.3628887694044
14232,998.3628887694044
14233,998.3628887694044
14234,998.3628887694044
14235,998.3628887694044
14236,998.3628887694044
14237,998.3628887694044
14238,998.3628887694044
14239,998.3628887694044
14240,998.3628887694044
14241,998.3628887694044
14242,998.3628887694044
14243,998.3628887694044
14244,998.3628887694044
14245,998.3628887694044
14246,998.3628887694044
14247,998.3628887694044
14248,998.3628887694044
14249,998.3628887694044
14250,998.3628887694044
14251,998.3628887694044
14252,998.3628887694044
14253,998.3628887694044
14254,998.3628887694044
14255,998.3628887694044
14256,998.3628887694044
14257,998.3628887694044
14258,998.3628887694044
14259,998.3628887694044
14260,998.3628887694044
14261,998.3628887694044
14262,998.3628887694044
14263,998.3628887694044
14264,998.3628887694044
14265,998.3628887694044
14266,998.3628887694044
14267,998.3628887694044
14268,998.3628887694044
14269,998.3628887694044
14270,998.3628887694044
14271,998.3628887694044
14272,998.3628887694044
14273,998.3628887694044
14274,998.3628887694044
14275,998.3628887694044
14276,998.3628887694044
14277,998.3628887694044
14278,998.3628887694044
14279,998.3628887694044
14280,998.3628887694044
14281,998.3628887694044
14282,998.3628887694044
14283,998.3628887694044
14284,998.3628887694044
14285,998.3628887694044
14286,998.3628887694044
14287,998.3628887694044
14288,998.3628887694044
14289,998.3628887694044
14290,998.3628887694044
14291,998.3628887694044
14292,998.3628887694044
14293,998.3628887694044
14294,998.3628887694044
14295,998.3628887694044
14296,998.3628887694044
14297,998.3628887694044
14298,998.3628887694044
14299,998.3628887694044
14300,998.3628887694044
14301,998.3628887694044
14302,998.3628887694044
14303,998.3628887694044
14304,998.3628887694044
14305,998.3628887694044
14306,998.3628887694044
14307,998.3628887694044
14308,998.3628887694044
14309,998.3628887694044
14310,998.3628887694044
14311,998.3628887694044
14312,998.3628887694044
14313,998.3628887694044
14314,998.3628887694044
14315,998.3628887694044
14316,998.3628887694044
14317,998.3628887694044
14318,998.3628887694044
14319,998.3628887694044
14320,998.3628887694044
14321,998.3628887694044
14322,998.3628887694044
14323,998.3628887694044
14324,998.3628887694044
14325,998.3628887694044
14326,998.3628887694044
14327,998.3628887694044
14328,998.3628887694044
14329,998.3628887694044
14330,998.3628887694044
14331,998.3628887694044
14332,998.3628887694044
14333,998.3628887694044
14334,998.3628887694044
14335,998.3628887694044
14336,998.3628887694044
14337,998.3628887694044
14338,998.3628887694044
14339,998.3628887694044
14340,998.3628887694044
14341,998.3628887694044
14342,998.3628887694044
14343,998.3628887694044
14344,998.3628887694044
14345,998.3628887694044
14346,998.3628887694044
14347,998.3628887694044
14348,998.3628887694044
14349,998.3628887694044
14350,998.3628887694044
14351,998.3628887694044
14352,998.3628887694044
14353,998.3628887694044
14354,998.3628887694044
14355,998.3628887694044
14356,998.3628887694044
14357,998.3628887694044
14358,998.3628887694044
14359,998.3628887694044
14360,998.3628887694044
14361,998.3628887694044
14362,998.3628887694044
14363,998.3628887694044
14364,998.3628887694044
14365,998.3628887694044
14366,998.3628887694044
14367,998.3628887694044
14368,998.3628887694044
14369,998.3628887694044
14370,998.3628887694044
14371,998.3628887694044
14372,998.3628887694044
14373,998.3628887694044
14374,998.3628887694044
14375,998.3628887694044
14376,998.3628887694044
14377,998.3628887694044
14378,998.3628887694044
14379,998.3628887694044
14380,998.3628887694044
14381,998.3628887694044
14382,998.3628887694044
14383,998.3628887694044
14384,998.3628887694044
14385,998.3628887694044
14386,998.3628887694044
14387,998.3628887694044
14388,998.3628887694044
14389,998.3628887694044
14390,998.3628887694044
14391,998.3628887694044
14392,998.3628887694044
14393,998.3628887694044
14394,998.3628887694044
14395,998.3628887694044
14396,998.3628887694044
14397,998.3628887694044
14398,998.3628887694044
14399,998.3628887694044
14400,998.3628887694044
14401,998.3628887694044
14402,998.3628887694044
14403,998.3628887694044
14404,998.3628887694044
14405,998.3628887694044
14406,998.3628887694044
14407,998.3628887694044
14408,998.3628887694044
14409,998.3628887694044
14410,998.3628887694044
14411,998.3628887694044
14412,998.3628887694044
14413,998.3628887694044
14414,998.3628887694044
14415,998.3628887694044
14416,998.3628887694044
14417,998.3628887694044
14418,998.3628887694044
14419,998.3628887694044
14420,998.3628887694044
14421,998.3628887694044
14422,998.3628887694044
14423,998.3628887694044
14424,998.3628887694044
14425,998.3628887694044
14426,998.3628887694044
14427,998.3628887694044
14428,998.3628887694044
14429,998.3628887694044
14430,998.3628887694044
14431,998.3628887694044
14432,998.3628887694044
14433,998.3628887694044
14434,998.3628887694044
14435,998.3628887694044
14436,998.3628887694044
14437,998.3628887694044
14438,998.3628887694044
14439,998.3628887694044
14440,998.3628887694044
14441,998.3628887694044
14442,998.3628887694044
14443,998.3628887694044
14444,998.3628887694044
14445,998.3628887694044
14446,998.3628887694044
14447,998.3628887694044
14448,998.3628887694044
14449,998.3628887694044
14450,998.3628887694044
14451,998.3628887694044
14452,998.3628887694044
14453,998.3628887694044
14454,998.3628887694044
14455,998.3628887694044
14456,998.3628887694044
14457,998.3628887694044
14458,998.3628887694044
14459,998.3628887694044
14460,998.3628887694044
14461,998.3628887694044
14462,998.3628887694044
14463,998.3628887694044
14464,998.3628887694044
14465,998.3628887694044
14466,998.3628887694044
14467,998.3628887694044
14468,998.3628887694044
14469,998.3628887694044
14470,998.3628887694044
14471,998.3628887694044
14472,998.3628887694044
14473,998.3628887694044
14474,998.3628887694044
14475,998.3628887694044
14476,998.3628887694044
14477,998.3628887694044
14478,998.3628887694044
14479,998.3628887694044
14480,998.3628887694044
14481,998.3628887694044
14482,998.3628887694044
14483,998.3628887694044
14484,998.3628887694044
14485,998.3628887694044
14486,998.3628887694044
14487,998.3628887694044
14488,998.3628887694044
14489,998.3628887694044
14490,998.3628887694044
14491,998.3628887694044
14492,998.3628887694044
14493,998.3628887694044
14494,998.3628887694044
14495,998.3628887694044
14496,998.3628887694044
14497,998.3628887694044
14498,998.3628887694044
14499,998.3628887694044
14500,998.3628887694044
14501,998.3628887694044
14502,998.3628887694044
14503,998.3628887694044
14504,998.3628887694044
14505,998.3628887694044
14506,998.3628887694044
14507,998.3628887694044
14508,998.3628887694044
14509,998.3628887694044
14510,998.3628887694044
14511,998.3628887694044
14512,998.3628887694044
14513,998.3628887694044
14514,998.3628887694044
14515,998.3628887694044
14516,998.3628887694044
14517,998.3628887694044
14518,998.3628887694044
14519,998.3628887694044
14520,998.3628887694044
14521,998.3628887694044
14522,998.3628887694044
14523,998.3628887694044
14524,998.3628887694044
14525,998.3628887694044
14526,998.3628887694044
14527,998.3628887694044
14528,998.3628887694044
14529,998.3628887694044
14530,998.3628887694044
14531,998.3628887694044
14532,998.3628887694044
14533,998.3628887694044
14534,998.3628887694044
14535,998.3628887694044
14536,998.3628887694044
14537,998.3628887694044
14538,998.3628887694044
14539,998.3628887694044
14540,998.3628887694044
14541,998.3628887694044
14542,998.3628887694044
14543,998.3628887694044
14544,998.3628887694044
14545,998.3628887694044
14546,998.3628887694044
14547,998.3628887694044
14548,998.3628887694044
14549,998.3628887694044
14550,998.3628887694044
14551,998.3628887694044
14552,998.3628887694044
14553,998.3628887694044
14554,998.3628887694044
14555,998.3628887694044
14556,998.3628887694044
14557,998.3628887694044
14558,998.3628887694044
14559,998.3628887694044
14560,998.3628887694044
14561,998.3628887694044
14562,998.3628887694044
14563,998.3628887694044
14564,998.3628887694044
14565,998.3628887694044
14566,998.3628887694044
14567,998.3628887694044
14568,998.3628887694044
14569,998.3628887694044
14570,998.3628887694044
14571,998.3628887694044
14572,998.3628887694044
14573,998.3628887694044
14574,998.3628887694044
14575,998.3628887694044
14576,998.3628887694044
14577,998.3628887694044
14578,998.3628887694044
14579,998.3628887694044
14580,998.3628887694044
14581,998.3628887694044
14582,998.3628887694044
14583,998.3628887694044
14584,998.3628887694044
14585,998.3628887694044
14586,998.3628887694044
14587,998.3628887694044
14588,998.3628887694044
14589,998.3628887694044
14590,998.3628887694044
14591,998.3628887694044
14592,998.3628887694044
14593,998.3628887694044
14594,998.3628887694044
14595,998.3628887694044
14596,998.3628887694044
14597,998.3628887694044
14598,998.3628887694044
14599,998.3628887694044
14600,998.3628887694044
14601,998.3628887694044
14602,998.3628887694044
14603,998.3628887694044
14604,998.3628887694044
14605,998.3628887694044
14606,998.3628887694044
14607,998.3628887694044
14608,998.3628887694044
14609,998.3628887694044
14610,998.3628887694044
14611,998.3628887694044
14612,998.3628887694044
14613,998.3628887694044
14614,998.3628887694044
14615,998.3628887694044
14616,998.3628887694044
14617,998.3628887694044
14618,998.3628887694044
14619,998.3628887694044
14620,998.3628887694044
14621,998.3628887694044
14622,998.3628887694044
14623,998.3628887694044
14624,998.3628887694044
14625,998.3628887694044
14626,998.3628887694044
14627,998.3628887694044
14628,998.3628887694044
14629,998.3628887694044
14630,998.3628887694044
14631,998.3628887694044
14632,998.3628887694044
14633,998.3628887694044
14634,998.3628887694044
14635,998.3628887694044
14636,998.3628887694044
14637,998.3628887694044
14638,998.3628887694044
14639,998.3628887694044
14640,998.3628887694044
14641,998.3628887694044
14642,998.3628887694044
14643,998.3628887694044
14644,998.3628887694044
14645,998.3628887694044
14646,998.3628887694044
14647,998.3628887694044
14648,998.3628887694044
14649,998.3628887694044
14650,998.3628887694044
14651,998.3628887694044
14652,998.3628887694044
14653,998.3628887694044
14654,998.3628887694044
14655,998.3628887694044
14656,998.3628887694044
14657,998.3628887694044
14658,998.3628887694044
14659,998.3628887694044
14660,998.3628887694044
14661,998.3628887694044
14662,998.3628887694044
14663,998.3628887694044
14664,998.3628887694044
14665,998.3628887694044
14666,998.3628887694044
14667,998.3628887694044
14668,998.3628887694044
14669,998.3628887694044
14670,998.3628887694044
14671,998.3628887694044
14672,998.3628887694044
14673,998.3628887694044
14674,998.3628887694044
14675,998.3628887694044
14676,998.3628887694044
14677,998.3628887694044
14678,998.3628887694044
14679,998.3628887694044
14680,998.3628887694044
14681,998.3628887694044
14682,998.3628887694044
14683,998.3628887694044
14684,998.3628887694044
14685,998.3628887694044
14686,998.3628887694044
14687,998.3628887694044
14688,998.3628887694044
14689,998.3628887694044
14690,998.3628887694044
14691,998.3628887694044
14692,998.3628887694044
14693,998.3628887694044
14694,998.3628887694044
14695,998.3628887694044
14696,998.3628887694044
14697,998.3628887694044
14698,998.3628887694044
14699,998.3628887694044
14700,998.3628887694044
14701,998.3628887694044
14702,998.3628887694044
14703,998.3628887694044
14704,998.3628887694044
14705,998.3628887694044
14706,998.3628887694044
14707,998.3628887694044
14708,998.3628887694044
14709,998.3628887694044
14710,998.3628887694044
14711,998.3628887694044
14712,998.3628887694044
14713,998.3628887694044
14714,998.3628887694044
14715,998.3628887694044
14716,998.3628887694044
14717,998.3628887694044
14718,998.3628887694044
14719,998.3628887694044
14720,998.3628887694044
14721,998.3628887694044
14722,998.3628887694044
14723,998.3628887694044
14724,998.3628887694044
14725,998.3628887694044
14726,998.3628887694044
14727,998.3628887694044
14728,998.3628887694044
14729,998.3628887694044
14730,998.3628887694044
14731,998.3628887694044
14732,998.3628887694044
14733,998.3628887694044
14734,998.3628887694044
14735,998.3628887694044
14736,998.3628887694044
14737,998.3628887694044
14738,998.3628887694044
14739,998.3628887694044
14740,998.3628887694044
14741,998.3628887694044
14742,998.3628887694044
14743,998.3628887694044
14744,998.3628887694044
14745,998.3628887694044
14746,998.3628887694044
14747,998.3628887694044
14748,998.3628887694044
14749,998.3628887694044
14750,998.3628887694044
14751,998.3628887694044
14752,998.3628887694044
14753,998.3628887694044
14754,998.3628887694044
14755,998.3628887694044
14756,998.3628887694044
14757,998.3628887694044
14758,998.3628887694044
14759,998.3628887694044
14760,998.3628887694044
14761,998.3628887694044
14762,998.3628887694044
14763,998.3628887694044
14764,998.3628887694044
14765,998.3628887694044
14766,998.3628887694044
14767,998.3628887694044
14768,998.3628887694044
14769,998.3628887694044
14770,998.3628887694044
14771,998.3628887694044
14772,998.3628887694044
14773,998.3628887694044
14774,998.3628887694044
14775,998.3628887694044
14776,998.3628887694044
14777,998.3628887694044
14778,998.3628887694044
14779,998.3628887694044
14780,998.3628887694044
14781,998.3628887694044
14782,998.3628887694044
14783,998.3628887694044
14784,998.3628887694044
14785,998.3628887694044
14786,998.3628887694044
14787,998.3628887694044
14788,998.3628887694044
14789,998.3628887694044
14790,998.3628887694044
14791,998.3628887694044
14792,998.3628887694044
14793,998.3628887694044
14794,998.3628887694044
14795,998.3628887694044
14796,998.3628887694044
14797,998.3628887694044
14798,998.3628887694044
14799,998.3628887694044
14800,998.3628887694044
14801,998.3628887694044
14802,998.3628887694044
14803,998.3628887694044
14804,998.3628887694044
14805,998.3628887694044
14806,998.3628887694044
14807,998.3628887694044
14808,998.3628887694044
14809,998.3628887694044
14810,998.3628887694044
14811,998.3628887694044
14812,998.3628887694044
14813,998.3628887694044
14814,998.3628887694044
14815,998.3628887694044
14816,998.3628887694044
14817,998.3628887694044
14818,998.3628887694044
14819,998.3628887694044
14820,998.3628887694044
14821,998.3628887694044
14822,998.3628887694044
14823,998.3628887694044
14824,998.3628887694044
14825,998.3628887694044
14826,998.3628887694044
14827,998.3628887694044
14828,998.3628887694044
14829,998.3628887694044
14830,998.3628887694044
14831,998.3628887694044
14832,998.3628887694044
14833,998.3628887694044
14834,998.3628887694044
14835,998.3628887694044
14836,998.3628887694044
14837,998.3628887694044
14838,998.3628887694044
14839,998.3628887694044
14840,998.3628887694044
14841,998.3628887694044
14842,998.3628887694044
14843,998.3628887694044
14844,998.3628887694044
14845,998.3628887694044
14846,998.3628887694044
14847,998.3628887694044
14848,998.3628887694044
14849,998.3628887694044
14850,998.3628887694044
14851,998.3628887694044
14852,998.3628887694044
14853,998.3628887694044
14854,998.3628887694044
14855,998.3628887694044
14856,998.3628887694044
14857,998.3628887694044
14858,998.3628887694044
14859,998.3628887694044
14860,998.3628887694044
14861,998.3628887694044
14862,998.3628887694044
14863,998.3628887694044
14864,998.3628887694044
14865,998.3628887694044
14866,998.3628887694044
14867,998.3628887694044
14868,998.3628887694044
14869,998.3628887694044
14870,998.3628887694044
14871,998.3628887694044
14872,998.3628887694044
14873,998.3628887694044
14874,998.3628887694044
14875,998.3628887694044
14876,998.3628887694044
14877,998.3628887694044
14878,998.3628887694044
14879,998.3628887694044
14880,998.3628887694044
14881,998.3628887694044
14882,998.3628887694044
14883,998.3628887694044
14884,998.3628887694044
14885,998.3628887694044
14886,998.3628887694044
14887,998.3628887694044
14888,998.3628887694044
14889,998.3628887694044
14890,998.3628887694044
14891,998.3628887694044
14892,998.3628887694044
14893,998.3628887694044
14894,998.3628887694044
14895,998.3628887694044
14896,998.3628887694044
14897,998.3628887694044
14898,998.3628887694044
14899,998.3628887694044
14900,998.3628887694044
14901,998.3628887694044
14902,998.3628887694044
14903,998.3628887694044
14904,998.3628887694044
14905,998.3628887694044
14906,998.3628887694044
14907,998.3628887694044
14908,998.3628887694044
14909,998.3628887694044
14910,998.3628887694044
14911,998.3628887694044
14912,998.3628887694044
14913,998.3628887694044
14914,998.3628887694044
14915,998.3628887694044
14916,998.3628887694044
14917,998.3628887694044
14918,998.3628887694044
14919,998.3628887694044
14920,998.3628887694044
14921,998.3628887694044
14922,998.3628887694044
14923,998.3628887694044
14924,998.3628887694044
14925,998.3628887694044
14926,998.3628887694044
14927,998.3628887694044
14928,998.3628887694044
14929,998.3628887694044
14930,998.3628887694044
14931,998.3628887694044
14932,998.3628887694044
14933,998.3628887694044
14934,998.3628887694044
14935,998.3628887694044
14936,998.3628887694044
14937,998.3628887694044
14938,998.3628887694044
14939,998.3628887694044
14940,998.3628887694044
14941,998.3628887694044
14942,998.3628887694044
14943,998.3628887694044
14944,998.3628887694044
14945,998.3628887694044
14946,998.3628887694044
14947,998.3628887694044
14948,998.3628887694044
14949,998.3628887694044
14950,998.3628887694044
14951,998.3628887694044
14952,998.3628887694044
14953,998.3628887694044
14954,998.3628887694044
14955,998.3628887694044
14956,998.3628887694044
14957,998.3628887694044
14958,998.3628887694044
14959,998.3628887694044
14960,998.3628887694044
14961,998.3628887694044
14962,998.3628887694044
14963,998.3628887694044
14964,998.3628887694044
14965,998.3628887694044
14966,998.3628887694044
14967,998.3628887694044
14968,998.3628887694044
14969,998.3628887694044
14970,998.3628887694044
14971,998.3628887694044
14972,998.3628887694044
14973,998.3628887694044
14974,998.3628887694044
14975,998.3628887694044
14976,998.3628887694044
14977,998.3628887694044
14978,998.3628887694044
14979,998.3628887694044
14980,998.3628887694044
14981,998.3628887694044
14982,998.3628887694044
14983,998.3628887694044
14984,998.3628887694044
14985,998.3628887694044
14986,998.3628887694044
14987,998.3628887694044
14988,998.3628887694044
14989,998.3628887694044
14990,998.3628887694044
14991,998.3628887694044
14992,998.3628887694044
14993,998.3628887694044
14994,998.3628887694044
14995,998.3628887694044
14996,998.3628887694044
14997,998.3628887694044
14998,998.3628887694044
14999,998.3628887694044
15000,998.3628887694044
15001,998.3628887694044
15002,998.3628887694044
15003,998.3628887694044
15004,998.3628887694044
15005,998.3628887694044
15006,998.3628887694044
15007,998.3628887694044
15008,998.3628887694044
15009,998.3628887694044
15010,998.3628887694044
15011,998.3628887694044
15012,998.3628887694044
15013,998.3628887694044
15014,998.3628887694044
15015,998.3628887694044
15016,998.3628887694044
15017,998.3628887694044
15018,998.3628887694044
15019,998.3628887694044
15020,998.3628887694044
15021,998.3628887694044
15022,998.3628887694044
15023,998.3628887694044
15024,998.3628887694044
15025,998.3628887694044
15026,998.3628887694044
15027,998.3628887694044
15028,998.3628887694044
15029,998.3628887694044
15030,998.3628887694044
15031,998.3628887694044
15032,998.3628887694044
15033,998.3628887694044
15034,998.3628887694044
15035,998.3628887694044
15036,998.3628887694044
15037,998.3628887694044
15038,998.3628887694044
15039,998.3628887694044
15040,998.3628887694044
15041,998.3628887694044
15042,998.3628887694044
15043,998.3628887694044
15044,998.3628887694044
15045,998.3628887694044
15046,998.3628887694044
15047,998.3628887694044
15048,998.3628887694044
15049,998.3628887694044
15050,998.3628887694044
15051,998.3628887694044
15052,998.3628887694044
15053,998.3628887694044
15054,998.3628887694044
15055,998.3628887694044
15056,998.3628887694044
15057,998.3628887694044
15058,998.3628887694044
15059,998.3628887694044
15060,998.3628887694044
15061,998.3628887694044
15062,998.3628887694044
15063,998.3628887694044
15064,998.3628887694044
15065,998.3628887694044
15066,998.3628887694044
15067,998.3628887694044
15068,998.3628887694044
15069,998.3628887694044
15070,998.3628887694044
15071,998.3628887694044
15072,998.3628887694044
15073,998.3628887694044
15074,998.3628887694044
15075,998.3628887694044
15076,998.3628887694044
15077,998.3628887694044
15078,998.3628887694044
15079,998.3628887694044
15080,998.3628887694044
15081,998.3628887694044
15082,998.3628887694044
15083,998.3628887694044
15084,998.3628887694044
15085,998.3628887694044
15086,998.3628887694044
15087,998.3628887694044
15088,998.3628887694044
15089,998.3628887694044
15090,998.3628887694044
15091,998.3628887694044
15092,998.3628887694044
15093,998.3628887694044
15094,998.3628887694044
15095,998.3628887694044
15096,998.3628887694044
15097,998.3628887694044
15098,998.3628887694044
15099,998.3628887694044
15100,998.3628887694044
15101,998.3628887694044
15102,998.3628887694044
15103,998.3628887694044
15104,998.3628887694044
15105,998.3628887694044
15106,998.3628887694044
15107,998.3628887694044
15108,998.3628887694044
15109,998.3628887694044
15110,998.3628887694044
15111,998.3628887694044
15112,998.3628887694044
15113,998.3628887694044
15114,998.3628887694044
15115,998.3628887694044
15116,998.3628887694044
15117,998.3628887694044
15118,998.3628887694044
15119,998.3628887694044
15120,998.3628887694044
15121,998.3628887694044
15122,998.3628887694044
15123,998.3628887694044
15124,998.3628887694044
15125,998.3628887694044
15126,998.3628887694044
15127,998.3628887694044
15128,998.3628887694044
15129,998.3628887694044
15130,998.3628887694044
15131,998.3628887694044
15132,998.3628887694044
15133,998.3628887694044
15134,998.3628887694044
15135,998.3628887694044
15136,998.3628887694044
15137,998.3628887694044
15138,998.3628887694044
15139,998.3628887694044
15140,998.3628887694044
15141,998.3628887694044
15142,998.3628887694044
15143,998.3628887694044
15144,998.3628887694044
15145,998.3628887694044
15146,998.3628887694044
15147,998.3628887694044
15148,998.3628887694044
15149,998.3628887694044
15150,998.3628887694044
15151,998.3628887694044
15152,998.3628887694044
15153,998.3628887694044
15154,998.3628887694044
15155,998.3628887694044
15156,998.3628887694044
15157,998.3628887694044
15158,998.3628887694044
15159,998.3628887694044
15160,998.3628887694044
15161,998.3628887694044
15162,998.3628887694044
15163,998.3628887694044
15164,998.3628887694044
15165,998.3628887694044
15166,998.3628887694044
15167,998.3628887694044
15168,998.3628887694044
15169,998.3628887694044
15170,998.3628887694044
15171,998.3628887694044
15172,998.3628887694044
15173,998.3628887694044
15174,998.3628887694044
15175,998.3628887694044
15176,998.3628887694044
15177,998.3628887694044
15178,998.3628887694044
15179,998.3628887694044
15180,998.3628887694044
15181,998.3628887694044
15182,998.3628887694044
15183,998.3628887694044
15184,998.3628887694044
15185,998.3628887694044
15186,998.3628887694044
15187,998.3628887694044
15188,998.3628887694044
15189,998.3628887694044
15190,998.3628887694044
15191,998.3628887694044
15192,998.3628887694044
15193,998.3628887694044
15194,998.3628887694044
15195,998.3628887694044
15196,998.3628887694044
15197,998.3628887694044
15198,998.3628887694044
15199,998.3628887694044
15200,998.3628887694044
15201,998.3628887694044
15202,998.3628887694044
15203,998.3628887694044
15204,998.3628887694044
15205,998.3628887694044
15206,998.3628887694044
15207,998.3628887694044
15208,998.3628887694044
15209,998.3628887694044
15210,998.3628887694044
15211,998.3628887694044
15212,998.3628887694044
15213,998.3628887694044
15214,998.3628887694044
15215,998.3628887694044
15216,998.3628887694044
15217,998.3628887694044
15218,998.3628887694044
15219,998.3628887694044
15220,998.3628887694044
15221,998.3628887694044
15222,998.3628887694044
15223,998.3628887694044
15224,998.3628887694044
15225,998.3628887694044
15226,998.3628887694044
15227,998.3628887694044
15228,998.3628887694044
15229,998.3628887694044
15230,998.3628887694044
15231,998.3628887694044
15232,998.3628887694044
15233,998.3628887694044
15234,998.3628887694044
15235,998.3628887694044
15236,998.3628887694044
15237,998.3628887694044
15238,998.3628887694044
15239,998.3628887694044
15240,998.3628887694044
15241,998.3628887694044
15242,998.3628887694044
15243,998.3628887694044
15244,998.3628887694044
15245,998.3628887694044
15246,998.3628887694044
15247,998.3628887694044
15248,998.3628887694044
15249,998.3628887694044
15250,998.3628887694044
15251,998.3628887694044
15252,998.3628887694044
15253,998.3628887694044
15254,998.3628887694044
15255,998.3628887694044
15256,998.3628887694044
15257,998.3628887694044
15258,998.3628887694044
15259,998.3628887694044
15260,998.3628887694044
15261,998.3628887694044
15262,998.3628887694044
15263,998.3628887694044
15264,998.3628887694044
15265,998.3628887694044
15266,998.3628887694044
15267,998.3628887694044
15268,998.3628887694044
15269,998.3628887694044
15270,998.3628887694044
15271,998.3628887694044
15272,998.3628887694044
15273,998.3628887694044
15274,998.3628887694044
15275,998.3628887694044
15276,998.3628887694044
15277,998.3628887694044
15278,998.3628887694044
15279,998.3628887694044
15280,998.3628887694044
15281,998.3628887694044
15282,998.3628887694044
15283,998.3628887694044
15284,998.3628887694044
15285,998.3628887694044
15286,998.3628887694044
15287,998.3628887694044
15288,998.3628887694044
15289,998.3628887694044
15290,998.3628887694044
15291,998.3628887694044
15292,998.3628887694044
15293,998.3628887694044
15294,998.3628887694044
15295,998.3628887694044
15296,998.3628887694044
15297,998.3628887694044
15298,998.3628887694044
15299,998.3628887694044
15300,998.3628887694044
15301,998.3628887694044
15302,998.3628887694044
15303,998.3628887694044
15304,998.3628887694044
15305,998.3628887694044
15306,998.3628887694044
15307,998.3628887694044
15308,998.3628887694044
15309,998.3628887694044
15310,998.3628887694044
15311,998.3628887694044
15312,998.3628887694044
15313,998.3628887694044
15314,998.3628887694044
15315,998.3628887694044
15316,998.3628887694044
15317,998.3628887694044
15318,998.3628887694044
15319,998.3628887694044
15320,998.3628887694044
15321,998.3628887694044
15322,998.3628887694044
15323,998.3628887694044
15324,998.3628887694044
15325,998.3628887694044
15326,998.3628887694044
15327,998.3628887694044
15328,998.3628887694044
15329,998.3628887694044
15330,998.3628887694044
15331,998.3628887694044
15332,998.3628887694044
15333,998.3628887694044
15334,998.3628887694044
15335,998.3628887694044
15336,998.3628887694044
15337,998.3628887694044
15338,998.3628887694044
15339,998.3628887694044
15340,998.3628887694044
15341,998.3628887694044
15342,998.3628887694044
15343,998.3628887694044
15344,998.3628887694044
15345,998.3628887694044
15346,998.3628887694044
15347,998.3628887694044
15348,998.3628887694044
15349,998.3628887694044
15350,998.3628887694044
15351,998.3628887694044
15352,998.3628887694044
15353,998.3628887694044
15354,998.3628887694044
15355,998.3628887694044
15356,998.3628887694044
15357,998.3628887694044
15358,998.3628887694044
15359,998.3628887694044
15360,998.3628887694044
15361,998.3628887694044
15362,998.3628887694044
15363,998.3628887694044
15364,998.3628887694044
15365,998.3628887694044
15366,998.3628887694044
15367,998.3628887694044
15368,998.3628887694044
15369,998.3628887694044
15370,998.3628887694044
15371,998.3628887694044
15372,998.3628887694044
15373,998.3628887694044
15374,998.3628887694044
15375,998.3628887694044
15376,998.3628887694044
15377,998.3628887694044
15378,998.3628887694044
15379,998.3628887694044
15380,998.3628887694044
15381,998.3628887694044
15382,998.3628887694044
15383,998.3628887694044
15384,998.3628887694044
15385,998.3628887694044
15386,998.3628887694044
15387,998.3628887694044
15388,998.3628887694044
15389,998.3628887694044
15390,998.3628887694044
15391,998.3628887694044
15392,998.3628887694044
15393,998.3628887694044
15394,998.3628887694044
15395,998.3628887694044
15396,998.3628887694044
15397,998.3628887694044
15398,998.3628887694044
15399,998.3628887694044
15400,998.3628887694044
15401,998.3628887694044
15402,998.3628887694044
15403,998.3628887694044
15404,998.3628887694044
15405,998.3628887694044
15406,998.3628887694044
15407,998.3628887694044
15408,998.3628887694044
15409,998.3628887694044
15410,998.3628887694044
15411,998.3628887694044
15412,998.3628887694044
15413,998.3628887694044
15414,998.3628887694044
15415,998.3628887694044
15416,998.3628887694044
15417,998.3628887694044
15418,998.3628887694044
15419,998.3628887694044
15420,998.3628887694044
15421,998.3628887694044
15422,998.3628887694044
15423,998.3628887694044
15424,998.3628887694044
15425,998.3628887694044
15426,998.3628887694044
15427,998.3628887694044
15428,998.3628887694044
15429,998.3628887694044
15430,998.3628887694044
15431,998.3628887694044
15432,998.3628887694044
15433,998.3628887694044
15434,998.3628887694044
15435,998.3628887694044
15436,998.3628887694044
15437,998.3628887694044
15438,998.3628887694044
15439,998.3628887694044
15440,998.3628887694044
15441,998.3628887694044
15442,998.3628887694044
15443,998.3628887694044
15444,998.3628887694044
15445,998.3628887694044
15446,998.3628887694044
15447,998.3628887694044
15448,998.3628887694044
15449,998.3628887694044
15450,998.3628887694044
15451,998.3628887694044
15452,998.3628887694044
15453,998.3628887694044
15454,998.3628887694044
15455,998.3628887694044
15456,998.3628887694044
15457,998.3628887694044
15458,998.3628887694044
15459,998.3628887694044
15460,998.3628887694044
15461,998.3628887694044
15462,998.3628887694044
15463,998.3628887694044
15464,998.3628887694044
15465,998.3628887694044
15466,998.3628887694044
15467,998.3628887694044
15468,998.3628887694044
15469,998.3628887694044
15470,998.3628887694044
15471,998.3628887694044
15472,998.3628887694044
15473,998.3628887694044
15474,998.3628887694044
15475,998.3628887694044
15476,998.3628887694044
15477,998.3628887694044
15478,998.3628887694044
15479,998.3628887694044
15480,998.3628887694044
15481,998.3628887694044
15482,998.3628887694044
15483,998.3628887694044
15484,998.3628887694044
15485,998.3628887694044
15486,998.3628887694044
15487,998.3628887694044
15488,998.3628887694044
15489,998.3628887694044
15490,998.3628887694044
15491,998.3628887694044
15492,998.3628887694044
15493,998.3628887694044
15494,998.3628887694044
15495,998.3628887694044
15496,998.3628887694044
15497,998.3628887694044
15498,998.3628887694044
15499,998.3628887694044
15500,998.3628887694044
15501,998.3628887694044
15502,998.3628887694044
15503,998.3628887694044
15504,998.3628887694044
15505,998.3628887694044
15506,998.3628887694044
15507,998.3628887694044
15508,998.3628887694044
15509,998.3628887694044
15510,998.3628887694044
15511,998.3628887694044
15512,998.3628887694044
15513,998.3628887694044
15514,998.3628887694044
15515,998.3628887694044
15516,998.3628887694044
15517,998.3628887694044
15518,998.3628887694044
15519,998.3628887694044
15520,998.3628887694044
15521,998.3628887694044
15522,998.3628887694044
15523,998.3628887694044
15524,998.3628887694044
15525,998.3628887694044
15526,998.3628887694044
15527,998.3628887694044
15528,998.3628887694044
15529,998.3628887694044
15530,998.3628887694044
15531,998.3628887694044
15532,998.3628887694044
15533,998.3628887694044
15534,998.3628887694044
15535,998.3628887694044
15536,998.3628887694044
15537,998.3628887694044
15538,998.3628887694044
15539,998.3628887694044
15540,998.3628887694044
15541,998.3628887694044
15542,998.3628887694044
15543,998.3628887694044
15544,998.3628887694044
15545,998.3628887694044
15546,998.3628887694044
15547,998.3628887694044
15548,998.3628887694044
15549,998.3628887694044
15550,998.3628887694044
15551,998.3628887694044
15552,998.3628887694044
15553,998.3628887694044
15554,998.3628887694044
15555,998.3628887694044
15556,998.3628887694044
15557,998.3628887694044
15558,998.3628887694044
15559,998.3628887694044
15560,998.3628887694044
15561,998.3628887694044
15562,998.3628887694044
15563,998.3628887694044
15564,998.3628887694044
15565,998.3628887694044
15566,998.3628887694044
15567,998.3628887694044
15568,998.3628887694044
15569,998.3628887694044
15570,998.3628887694044
15571,998.3628887694044
15572,998.3628887694044
15573,998.3628887694044
15574,998.3628887694044
15575,998.3628887694044
15576,998.3628887694044
15577,998.3628887694044
15578,998.3628887694044
15579,998.3628887694044
15580,998.3628887694044
15581,998.3628887694044
15582,998.3628887694044
15583,998.3628887694044
15584,998.3628887694044
15585,998.3628887694044
15586,998.3628887694044
15587,998.3628887694044
15588,998.3628887694044
15589,998.3628887694044
15590,998.3628887694044
15591,998.3628887694044
15592,998.3628887694044
15593,998.3628887694044
15594,998.3628887694044
15595,998.3628887694044
15596,998.3628887694044
15597,998.3628887694044
15598,998.3628887694044
15599,998.3628887694044
15600,998.3628887694044
15601,998.3628887694044
15602,998.3628887694044
15603,998.3628887694044
15604,998.3628887694044
15605,998.3628887694044
15606,998.3628887694044
15607,998.3628887694044
15608,998.3628887694044
15609,998.3628887694044
15610,998.3628887694044
15611,998.3628887694044
15612,998.3628887694044
15613,998.3628887694044
15614,998.3628887694044
15615,998.3628887694044
15616,998.3628887694044
15617,998.3628887694044
15618,998.3628887694044
15619,998.3628887694044
15620,998.3628887694044
15621,998.3628887694044
15622,998.3628887694044
15623,998.3628887694044
15624,998.3628887694044
15625,998.3628887694044
15626,998.3628887694044
15627,998.3628887694044
15628,998.3628887694044
15629,998.3628887694044
15630,998.3628887694044
15631,998.3628887694044
15632,998.3628887694044
15633,998.3628887694044
15634,998.3628887694044
15635,998.3628887694044
15636,998.3628887694044
15637,998.3628887694044
15638,998.3628887694044
15639,998.3628887694044
15640,998.3628887694044
15641,998.3628887694044
15642,998.3628887694044
15643,998.3628887694044
15644,998.3628887694044
15645,998.3628887694044
15646,998.3628887694044
15647,998.3628887694044
15648,998.3628887694044
15649,998.3628887694044
15650,998.3628887694044
15651,998.3628887694044
15652,998.3628887694044
15653,998.3628887694044
15654,998.3628887694044
15655,998.3628887694044
15656,998.3628887694044
15657,998.3628887694044
15658,998.3628887694044
15659,998.3628887694044
15660,998.3628887694044
15661,998.3628887694044
15662,998.3628887694044
15663,998.3628887694044
15664,998.3628887694044
15665,998.3628887694044
15666,998.3628887694044
15667,998.3628887694044
15668,998.3628887694044
15669,998.3628887694044
15670,998.3628887694044
15671,998.3628887694044
15672,998.3628887694044
15673,998.3628887694044
15674,998.3628887694044
15675,998.3628887694044
15676,998.3628887694044
15677,998.3628887694044
15678,998.3628887694044
15679,998.3628887694044
15680,998.3628887694044
15681,998.3628887694044
15682,998.3628887694044
15683,998.3628887694044
15684,998.3628887694044
15685,998.3628887694044
15686,998.3628887694044
15687,998.3628887694044
15688,998.3628887694044
15689,998.3628887694044
15690,998.3628887694044
15691,998.3628887694044
15692,998.3628887694044
15693,998.3628887694044
15694,998.3628887694044
15695,998.3628887694044
15696,998.3628887694044
15697,998.3628887694044
15698,998.3628887694044
15699,998.3628887694044
15700,998.3628887694044
15701,998.3628887694044
15702,998.3628887694044
15703,998.3628887694044
15704,998.3628887694044
15705,998.3628887694044
15706,998.3628887694044
15707,998.3628887694044
15708,998.3628887694044
15709,998.3628887694044
15710,998.3628887694044
15711,998.3628887694044
15712,998.3628887694044
15713,998.3628887694044
15714,998.3628887694044
15715,998.3628887694044
15716,998.3628887694044
15717,998.3628887694044
15718,998.3628887694044
15719,998.3628887694044
15720,998.3628887694044
15721,998.3628887694044
15722,998.3628887694044
15723,998.3628887694044
15724,998.3628887694044
15725,998.3628887694044
15726,998.3628887694044
15727,998.3628887694044
15728,998.3628887694044
15729,998.3628887694044
15730,998.3628887694044
15731,998.3628887694044
15732,998.3628887694044
15733,998.3628887694044
15734,998.3628887694044
15735,998.3628887694044
15736,998.3628887694044
15737,998.3628887694044
15738,998.3628887694044
15739,998.3628887694044
15740,998.3628887694044
15741,998.3628887694044
15742,998.3628887694044
15743,998.3628887694044
15744,998.3628887694044
15745,998.3628887694044
15746,998.3628887694044
15747,998.3628887694044
15748,998.3628887694044
15749,998.3628887694044
15750,998.3628887694044
15751,998.3628887694044
15752,998.3628887694044
15753,998.3628887694044
15754,998.3628887694044
15755,998.3628887694044
15756,998.3628887694044
15757,998.3628887694044
15758,998.3628887694044
15759,998.3628887694044
15760,998.3628887694044
15761,998.3628887694044
15762,998.3628887694044
15763,998.3628887694044
15764,998.3628887694044
15765,998.3628887694044
15766,998.3628887694044
15767,998.3628887694044
15768,998.3628887694044
15769,998.3628887694044
15770,998.3628887694044
15771,998.3628887694044
15772,998.3628887694044
15773,998.3628887694044
15774,998.3628887694044
15775,998.3628887694044
15776,998.3628887694044
15777,998.3628887694044
15778,998.3628887694044
15779,998.3628887694044
15780,998.3628887694044
15781,998.3628887694044
15782,998.3628887694044
15783,998.3628887694044
15784,998.3628887694044
15785,998.3628887694044
15786,998.3628887694044
15787,998.3628887694044
15788,998.3628887694044
15789,998.3628887694044
15790,998.3628887694044
15791,998.3628887694044
15792,998.3628887694044
15793,998.3628887694044
15794,998.3628887694044
15795,998.3628887694044
15796,998.3628887694044
15797,998.3628887694044
15798,998.3628887694044
15799,998.3628887694044
15800,998.3628887694044
15801,998.3628887694044
15802,998.3628887694044
15803,998.3628887694044
15804,998.3628887694044
15805,998.3628887694044
15806,998.3628887694044
15807,998.3628887694044
15808,998.3628887694044
15809,998.3628887694044
15810,998.3628887694044
15811,998.3628887694044
15812,998.3628887694044
15813,998.3628887694044
15814,998.3628887694044
15815,998.3628887694044
15816,998.3628887694044
15817,998.3628887694044
15818,998.3628887694044
15819,998.3628887694044
15820,998.3628887694044
15821,998.3628887694044
15822,998.3628887694044
15823,998.3628887694044
15824,998.3628887694044
15825,998.3628887694044
15826,998.3628887694044
15827,998.3628887694044
15828,998.3628887694044
15829,998.3628887694044
15830,998.3628887694044
15831,998.3628887694044
15832,998.3628887694044
15833,998.3628887694044
15834,998.3628887694044
15835,998.3628887694044
15836,998.3628887694044
15837,998.3628887694044
15838,998.3628887694044
15839,998.3628887694044
15840,998.3628887694044
15841,998.3628887694044
15842,998.3628887694044
15843,998.3628887694044
15844,998.3628887694044
15845,998.3628887694044
15846,998.3628887694044
15847,998.3628887694044
15848,998.3628887694044
15849,998.3628887694044
15850,998.3628887694044
15851,998.3628887694044
15852,998.3628887694044
15853,998.3628887694044
15854,998.3628887694044
15855,998.3628887694044
15856,998.3628887694044
15857,998.3628887694044
15858,998.3628887694044
15859,998.3628887694044
15860,998.3628887694044
15861,998.3628887694044
15862,998.3628887694044
15863,998.3628887694044
15864,998.3628887694044
15865,998.3628887694044
15866,998.3628887694044
15867,998.3628887694044
15868,998.3628887694044
15869,998.3628887694044
15870,998.3628887694044
15871,998.3628887694044
15872,998.3628887694044
15873,998.3628887694044
15874,998.3628887694044
15875,998.3628887694044
15876,998.3628887694044
15877,998.3628887694044
15878,998.3628887694044
15879,998.3628887694044
15880,998.3628887694044
15881,998.3628887694044
15882,998.3628887694044
15883,998.3628887694044
15884,998.3628887694044
15885,998.3628887694044
15886,998.3628887694044
15887,998.3628887694044
15888,998.3628887694044
15889,998.3628887694044
15890,998.3628887694044
15891,998.3628887694044
15892,998.3628887694044
15893,998.3628887694044
15894,998.3628887694044
15895,998.3628887694044
15896,998.3628887694044
15897,998.3628887694044
15898,998.3628887694044
15899,998.3628887694044
15900,998.3628887694044
15901,998.3628887694044
15902,998.3628887694044
15903,998.3628887694044
15904,998.3628887694044
15905,998.3628887694044
15906,998.3628887694044
15907,998.3628887694044
15908,998.3628887694044
15909,998.3628887694044
15910,998.3628887694044
15911,998.3628887694044
15912,998.3628887694044
15913,998.3628887694044
15914,998.3628887694044
15915,998.3628887694044
15916,998.3628887694044
15917,998.3628887694044
15918,998.3628887694044
15919,998.3628887694044
15920,998.3628887694044
15921,998.3628887694044
15922,998.3628887694044
15923,998.3628887694044
15924,998.3628887694044
15925,998.3628887694044
15926,998.3628887694044
15927,998.3628887694044
15928,998.3628887694044
15929,998.3628887694044
15930,998.3628887694044
15931,998.3628887694044
15932,998.3628887694044
15933,998.3628887694044
15934,998.3628887694044
15935,998.3628887694044
15936,998.3628887694044
15937,998.3628887694044
15938,998.3628887694044
15939,998.3628887694044
15940,998.3628887694044
15941,998.3628887694044
15942,998.3628887694044
15943,998.3628887694044
15944,998.3628887694044
15945,998.3628887694044
15946,998.3628887694044
15947,998.3628887694044
15948,998.3628887694044
15949,998.3628887694044
15950,998.3628887694044
15951,998.3628887694044
15952,998.3628887694044
15953,998.3628887694044
15954,998.3628887694044
15955,998.3628887694044
15956,998.3628887694044
15957,998.3628887694044
15958,998.3628887694044
15959,998.3628887694044
15960,998.3628887694044
15961,998.3628887694044
15962,998.3628887694044
15963,998.3628887694044
15964,998.3628887694044
15965,998.3628887694044
15966,998.3628887694044
15967,998.3628887694044
15968,998.3628887694044
15969,998.3628887694044
15970,998.3628887694044
15971,998.3628887694044
15972,998.3628887694044
15973,998.3628887694044
15974,998.3628887694044
15975,998.3628887694044
15976,998.3628887694044
15977,998.3628887694044
15978,998.3628887694044
15979,998.3628887694044
15980,998.3628887694044
15981,998.3628887694044
15982,998.3628887694044
15983,998.3628887694044
15984,998.3628887694044
15985,998.3628887694044
15986,998.3628887694044
15987,998.3628887694044
15988,998.3628887694044
15989,998.3628887694044
15990,998.3628887694044
15991,998.3628887694044
15992,998.3628887694044
15993,998.3628887694044
15994,998.3628887694044
15995,998.3628887694044
15996,998.3628887694044
15997,998.3628887694044
15998,998.3628887694044
15999,998.3628887694044
16000,998.3628887694044
16001,998.3628887694044
16002,998.3628887694044
16003,998.3628887694044
16004,998.3628887694044
16005,998.3628887694044
16006,998.3628887694044
16007,998.3628887694044
16008,998.3628887694044
16009,998.3628887694044
16010,998.3628887694044
16011,998.3628887694044
16012,998.3628887694044
16013,998.3628887694044
16014,998.3628887694044
16015,998.3628887694044
16016,998.3628887694044
16017,998.3628887694044
16018,998.3628887694044
16019,998.3628887694044
16020,998.3628887694044
16021,998.3628887694044
16022,998.3628887694044
16023,998.3628887694044
16024,998.3628887694044
16025,998.3628887694044
16026,998.3628887694044
16027,998.3628887694044
16028,998.3628887694044
16029,998.3628887694044
16030,998.3628887694044
16031,998.3628887694044
16032,998.3628887694044
16033,998.3628887694044
16034,998.3628887694044
16035,998.3628887694044
16036,998.3628887694044
16037,998.3628887694044
16038,998.3628887694044
16039,998.3628887694044
16040,998.3628887694044
16041,998.3628887694044
16042,998.3628887694044
16043,998.3628887694044
16044,998.3628887694044
16045,998.3628887694044
16046,998.3628887694044
16047,998.3628887694044
16048,998.3628887694044
16049,998.3628887694044
16050,998.3628887694044
16051,998.3628887694044
16052,998.3628887694044
16053,998.3628887694044
16054,998.3628887694044
16055,998.3628887694044
16056,998.3628887694044
16057,998.3628887694044
16058,998.3628887694044
16059,998.3628887694044
16060,998.3628887694044
16061,998.3628887694044
16062,998.3628887694044
16063,998.3628887694044
16064,998.3628887694044
16065,998.3628887694044
16066,998.3628887694044
16067,998.3628887694044
16068,998.3628887694044
16069,998.3628887694044
16070,998.3628887694044
16071,998.3628887694044
16072,998.3628887694044
16073,998.3628887694044
16074,998.3628887694044
16075,998.3628887694044
16076,998.3628887694044
16077,998.3628887694044
16078,998.3628887694044
16079,998.3628887694044
16080,998.3628887694044
16081,998.3628887694044
16082,998.3628887694044
16083,998.3628887694044
16084,998.3628887694044
16085,998.3628887694044
16086,998.3628887694044
16087,998.3628887694044
16088,998.3628887694044
16089,998.3628887694044
16090,998.3628887694044
16091,998.3628887694044
16092,998.3628887694044
16093,998.3628887694044
16094,998.3628887694044
16095,998.3628887694044
16096,998.3628887694044
16097,998.3628887694044
16098,998.3628887694044
16099,998.3628887694044
16100,998.3628887694044
16101,998.3628887694044
16102,998.3628887694044
16103,998.3628887694044
16104,998.3628887694044
16105,998.3628887694044
16106,998.3628887694044
16107,998.3628887694044
16108,998.3628887694044
16109,998.3628887694044
16110,998.3628887694044
16111,998.3628887694044
16112,998.3628887694044
16113,998.3628887694044
16114,998.3628887694044
16115,998.3628887694044
16116,998.3628887694044
16117,998.3628887694044
16118,998.3628887694044
16119,998.3628887694044
16120,998.3628887694044
16121,998.3628887694044
16122,998.3628887694044
16123,998.3628887694044
16124,998.3628887694044
16125,998.3628887694044
16126,998.3628887694044
16127,998.3628887694044
16128,998.3628887694044
16129,998.3628887694044
16130,998.3628887694044
16131,998.3628887694044
16132,998.3628887694044
16133,998.3628887694044
16134,998.3628887694044
16135,998.3628887694044
16136,998.3628887694044
16137,998.3628887694044
16138,998.3628887694044
16139,998.3628887694044
16140,998.3628887694044
16141,998.3628887694044
16142,998.3628887694044
16143,998.3628887694044
16144,998.3628887694044
16145,998.3628887694044
16146,998.3628887694044
16147,998.3628887694044
16148,998.3628887694044
16149,998.3628887694044
16150,998.3628887694044
16151,998.3628887694044
16152,998.3628887694044
16153,998.3628887694044
16154,998.3628887694044
16155,998.3628887694044
16156,998.3628887694044
16157,998.3628887694044
16158,998.3628887694044
16159,998.3628887694044
16160,998.3628887694044
16161,998.3628887694044
16162,998.3628887694044
16163,998.3628887694044
16164,998.3628887694044
16165,998.3628887694044
16166,998.3628887694044
16167,998.3628887694044
16168,998.3628887694044
16169,998.3628887694044
16170,998.3628887694044
16171,998.3628887694044
16172,998.3628887694044
16173,998.3628887694044
16174,998.3628887694044
16175,998.3628887694044
16176,998.3628887694044
16177,998.3628887694044
16178,998.3628887694044
16179,998.3628887694044
16180,998.3628887694044
16181,998.3628887694044
16182,998.3628887694044
16183,998.3628887694044
16184,998.3628887694044
16185,998.3628887694044
16186,998.3628887694044
16187,998.3628887694044
16188,998.3628887694044
16189,998.3628887694044
16190,998.3628887694044
16191,998.3628887694044
16192,998.3628887694044
16193,998.3628887694044
16194,998.3628887694044
16195,998.3628887694044
16196,998.3628887694044
16197,998.3628887694044
16198,998.3628887694044
16199,998.3628887694044
16200,998.3628887694044
16201,998.3628887694044
16202,998.3628887694044
16203,998.3628887694044
16204,998.3628887694044
16205,998.3628887694044
16206,998.3628887694044
16207,998.3628887694044
16208,998.3628887694044
16209,998.3628887694044
16210,998.3628887694044
16211,998.3628887694044
16212,998.3628887694044
16213,998.3628887694044
16214,998.3628887694044
16215,998.3628887694044
16216,998.3628887694044
16217,998.3628887694044
16218,998.3628887694044
16219,998.3628887694044
16220,998.3628887694044
16221,998.3628887694044
16222,998.3628887694044
16223,998.3628887694044
16224,998.3628887694044
16225,998.3628887694044
16226,998.3628887694044
16227,998.3628887694044
16228,998.3628887694044
16229,998.3628887694044
16230,998.3628887694044
16231,998.3628887694044
16232,998.3628887694044
16233,998.3628887694044
16234,998.3628887694044
16235,998.3628887694044
16236,998.3628887694044
16237,998.3628887694044
16238,998.3628887694044
16239,998.3628887694044
16240,998.3628887694044
16241,998.3628887694044
16242,998.3628887694044
16243,998.3628887694044
16244,998.3628887694044
16245,998.3628887694044
16246,998.3628887694044
16247,998.3628887694044
16248,998.3628887694044
16249,998.3628887694044
16250,998.3628887694044
16251,998.3628887694044
16252,998.3628887694044
16253,998.3628887694044
16254,998.3628887694044
16255,998.3628887694044
16256,998.3628887694044
16257,998.3628887694044
16258,998.3628887694044
16259,998.3628887694044
16260,998.3628887694044
16261,998.3628887694044
16262,998.3628887694044
16263,998.3628887694044
16264,998.3628887694044
16265,998.3628887694044
16266,998.3628887694044
16267,998.3628887694044
16268,998.3628887694044
16269,998.3628887694044
16270,998.3628887694044
16271,998.3628887694044
16272,998.3628887694044
16273,998.3628887694044
16274,998.3628887694044
16275,998.3628887694044
16276,998.3628887694044
16277,998.3628887694044
16278,998.3628887694044
16279,998.3628887694044
16280,998.3628887694044
16281,998.3628887694044
16282,998.3628887694044
16283,998.3628887694044
16284,998.3628887694044
16285,998.3628887694044
16286,998.3628887694044
16287,998.3628887694044
16288,998.3628887694044
16289,998.3628887694044
16290,998.3628887694044
16291,998.3628887694044
16292,998.3628887694044
16293,998.3628887694044
16294,998.3628887694044
16295,998.3628887694044
16296,998.3628887694044
16297,998.3628887694044
16298,998.3628887694044
16299,998.3628887694044
16300,998.3628887694044
16301,998.3628887694044
16302,998.3628887694044
16303,998.3628887694044
16304,998.3628887694044
16305,998.3628887694044
16306,998.3628887694044
16307,998.3628887694044
16308,998.3628887694044
16309,998.3628887694044
16310,998.3628887694044
16311,998.3628887694044
16312,998.3628887694044
16313,998.3628887694044
16314,998.3628887694044
16315,998.3628887694044
16316,998.3628887694044
16317,998.3628887694044
16318,998.3628887694044
16319,998.3628887694044
16320,998.3628887694044
16321,998.3628887694044
16322,998.3628887694044
16323,998.3628887694044
16324,998.3628887694044
16325,998.3628887694044
16326,998.3628887694044
16327,998.3628887694044
16328,998.3628887694044
16329,998.3628887694044
16330,998.3628887694044
16331,998.3628887694044
16332,998.3628887694044
16333,998.3628887694044
16334,998.3628887694044
16335,998.3628887694044
16336,998.3628887694044
16337,998.3628887694044
16338,998.3628887694044
16339,998.3628887694044
16340,998.3628887694044
16341,998.3628887694044
16342,998.3628887694044
16343,998.3628887694044
16344,998.3628887694044
16345,998.3628887694044
16346,998.3628887694044
16347,998.3628887694044
16348,998.3628887694044
16349,998.3628887694044
16350,998.3628887694044
16351,998.3628887694044
16352,998.3628887694044
16353,998.3628887694044
16354,998.3628887694044
16355,998.3628887694044
16356,998.3628887694044
16357,998.3628887694044
16358,998.3628887694044
16359,998.3628887694044
16360,998.3628887694044
16361,998.3628887694044
16362,998.3628887694044
16363,998.3628887694044
16364,998.3628887694044
16365,998.3628887694044
16366,998.3628887694044
16367,998.3628887694044
16368,998.3628887694044
16369,998.3628887694044
16370,998.3628887694044
16371,998.3628887694044
16372,998.3628887694044
16373,998.3628887694044
16374,998.3628887694044
16375,998.3628887694044
16376,998.3628887694044
16377,998.3628887694044
16378,998.3628887694044
16379,998.3628887694044
16380,998.3628887694044
16381,998.3628887694044
16382,998.3628887694044
16383,998.3628887694044
16384,998.3628887694044
16385,998.3628887694044
16386,998.3628887694044
16387,998.3628887694044
16388,998.3628887694044
16389,998.3628887694044
16390,998.3628887694044
16391,998.3628887694044
16392,998.3628887694044
16393,998.3628887694044
16394,998.3628887694044
16395,998.3628887694044
16396,998.3628887694044
16397,998.3628887694044
16398,998.3628887694044
16399,998.3628887694044
16400,998.3628887694044
16401,998.3628887694044
16402,998.3628887694044
16403,998.3628887694044
16404,998.3628887694044
16405,998.3628887694044
16406,998.3628887694044
16407,998.3628887694044
16408,998.3628887694044
16409,998.3628887694044
16410,998.3628887694044
16411,998.3628887694044
16412,998.3628887694044
16413,998.3628887694044
16414,998.3628887694044
16415,998.3628887694044
16416,998.3628887694044
16417,998.3628887694044
16418,998.3628887694044
16419,998.3628887694044
16420,998.3628887694044
16421,998.3628887694044
16422,998.3628887694044
16423,998.3628887694044
16424,998.3628887694044
16425,998.3628887694044
16426,998.3628887694044
16427,998.3628887694044
16428,998.3628887694044
16429,998.3628887694044
16430,998.3628887694044
16431,998.3628887694044
16432,998.3628887694044
16433,998.3628887694044
16434,998.3628887694044
16435,998.3628887694044
16436,998.3628887694044
16437,998.3628887694044
16438,998.3628887694044
16439,998.3628887694044
16440,998.3628887694044
16441,998.3628887694044
16442,998.3628887694044
16443,998.3628887694044
16444,998.3628887694044
16445,998.3628887694044
16446,998.3628887694044
16447,998.3628887694044
16448,998.3628887694044
16449,998.3628887694044
16450,998.3628887694044
16451,998.3628887694044
16452,998.3628887694044
16453,998.3628887694044
16454,998.3628887694044
16455,998.3628887694044
16456,998.3628887694044
16457,998.3628887694044
16458,998.3628887694044
16459,998.3628887694044
16460,998.3628887694044
16461,998.3628887694044
16462,998.3628887694044
16463,998.3628887694044
16464,998.3628887694044
16465,998.3628887694044
16466,998.3628887694044
16467,998.3628887694044
16468,998.3628887694044
16469,998.3628887694044
16470,998.3628887694044
16471,998.3628887694044
16472,998.3628887694044
16473,998.3628887694044
16474,998.3628887694044
16475,998.3628887694044
16476,998.3628887694044
16477,998.3628887694044
16478,998.3628887694044
16479,998.3628887694044
16480,998.3628887694044
16481,998.3628887694044
16482,998.3628887694044
16483,998.3628887694044
16484,998.3628887694044
16485,998.3628887694044
16486,998.3628887694044
16487,998.3628887694044
16488,998.3628887694044
16489,998.3628887694044
16490,998.3628887694044
16491,998.3628887694044
16492,998.3628887694044
16493,998.3628887694044
16494,998.3628887694044
16495,998.3628887694044
16496,998.3628887694044
16497,998.3628887694044
16498,998.3628887694044
16499,998.3628887694044
16500,998.3628887694044
16501,998.3628887694044
16502,998.3628887694044
16503,998.3628887694044
16504,998.3628887694044
16505,998.3628887694044
16506,998.3628887694044
16507,998.3628887694044
16508,998.3628887694044
16509,998.3628887694044
16510,998.3628887694044
16511,998.3628887694044
16512,998.3628887694044
16513,998.3628887694044
16514,998.3628887694044
16515,998.3628887694044
16516,998.3628887694044
16517,998.3628887694044
16518,998.3628887694044
16519,998.3628887694044
16520,998.3628887694044
16521,998.3628887694044
16522,998.3628887694044
16523,998.3628887694044
16524,998.3628887694044
16525,998.3628887694044
16526,998.3628887694044
16527,998.3628887694044
16528,998.3628887694044
16529,998.3628887694044
16530,998.3628887694044
16531,998.3628887694044
16532,998.3628887694044
16533,998.3628887694044
16534,998.3628887694044
16535,998.3628887694044
16536,998.3628887694044
16537,998.3628887694044
16538,998.3628887694044
16539,998.3628887694044
16540,998.3628887694044
16541,998.3628887694044
16542,998.3628887694044
16543,998.3628887694044
16544,998.3628887694044
16545,998.3628887694044
16546,998.3628887694044
16547,998.3628887694044
16548,998.3628887694044
16549,998.3628887694044
16550,998.3628887694044
16551,998.3628887694044
16552,998.3628887694044
16553,998.3628887694044
16554,998.3628887694044
16555,998.3628887694044
16556,998.3628887694044
16557,998.3628887694044
16558,998.3628887694044
16559,998.3628887694044
16560,998.3628887694044
16561,998.3628887694044
16562,998.3628887694044
16563,998.3628887694044
16564,998.3628887694044
16565,998.3628887694044
16566,998.3628887694044
16567,998.3628887694044
16568,998.3628887694044
16569,998.3628887694044
16570,998.3628887694044
16571,998.3628887694044
16572,998.3628887694044
16573,998.3628887694044
16574,998.3628887694044
16575,998.3628887694044
16576,998.3628887694044
16577,998.3628887694044
16578,998.3628887694044
16579,998.3628887694044
16580,998.3628887694044
16581,998.3628887694044
16582,998.3628887694044
16583,998.3628887694044
16584,998.3628887694044
16585,998.3628887694044
16586,998.3628887694044
16587,998.3628887694044
16588,998.3628887694044
16589,998.3628887694044
16590,998.3628887694044
16591,998.3628887694044
16592,998.3628887694044
16593,998.3628887694044
16594,998.3628887694044
16595,998.3628887694044
16596,998.3628887694044
16597,998.3628887694044
16598,998.3628887694044
16599,998.3628887694044
16600,998.3628887694044
16601,998.3628887694044
16602,998.3628887694044
16603,998.3628887694044
16604,998.3628887694044
16605,998.3628887694044
16606,998.3628887694044
16607,998.3628887694044
16608,998.3628887694044
16609,998.3628887694044
16610,998.3628887694044
16611,998.3628887694044
16612,998.3628887694044
16613,998.3628887694044
16614,998.3628887694044
16615,998.3628887694044
16616,998.3628887694044
16617,998.3628887694044
16618,998.3628887694044
16619,998.3628887694044
16620,998.3628887694044
16621,998.3628887694044
16622,998.3628887694044
16623,998.3628887694044
16624,998.3628887694044
16625,998.3628887694044
16626,998.3628887694044
16627,998.3628887694044
16628,998.3628887694044
16629,998.3628887694044
16630,998.3628887694044
16631,998.3628887694044
16632,998.3628887694044
16633,998.3628887694044
16634,998.3628887694044
16635,998.3628887694044
16636,998.3628887694044
16637,998.3628887694044
16638,998.3628887694044
16639,998.3628887694044
16640,998.3628887694044
16641,998.3628887694044
16642,998.3628887694044
16643,998.3628887694044
16644,998.3628887694044
16645,998.3628887694044
16646,998.3628887694044
16647,998.3628887694044
16648,998.3628887694044
16649,998.3628887694044
16650,998.3628887694044
16651,998.3628887694044
16652,998.3628887694044
16653,998.3628887694044
16654,998.3628887694044
16655,998.3628887694044
16656,998.3628887694044
16657,998.3628887694044
16658,998.3628887694044
16659,998.3628887694044
16660,998.3628887694044
16661,998.3628887694044
16662,998.3628887694044
16663,998.3628887694044
16664,998.3628887694044
16665,998.3628887694044
16666,998.3628887694044
16667,998.3628887694044
16668,998.3628887694044
16669,998.3628887694044
16670,998.3628887694044
16671,998.3628887694044
16672,998.3628887694044
16673,998.3628887694044
16674,998.3628887694044
16675,998.3628887694044
16676,998.3628887694044
16677,998.3628887694044
16678,998.3628887694044
16679,998.3628887694044
16680,998.3628887694044
16681,998.3628887694044
16682,998.3628887694044
16683,998.3628887694044
16684,998.3628887694044
16685,998.3628887694044
16686,998.3628887694044
16687,998.3628887694044
16688,998.3628887694044
16689,998.3628887694044
16690,998.3628887694044
16691,998.3628887694044
16692,998.3628887694044
16693,998.3628887694044
16694,998.3628887694044
16695,998.3628887694044
16696,998.3628887694044
16697,998.3628887694044
16698,998.3628887694044
16699,998.3628887694044
16700,998.3628887694044
16701,998.3628887694044
16702,998.3628887694044
16703,998.3628887694044
16704,998.3628887694044
16705,998.3628887694044
16706,998.3628887694044
16707,998.3628887694044
16708,998.3628887694044
16709,998.3628887694044
16710,998.3628887694044
16711,998.3628887694044
16712,998.3628887694044
16713,998.3628887694044
16714,998.3628887694044
16715,998.3628887694044
16716,998.3628887694044
16717,998.3628887694044
16718,998.3628887694044
16719,998.3628887694044
16720,998.3628887694044
16721,998.3628887694044
16722,998.3628887694044
16723,998.3628887694044
16724,998.3628887694044
16725,998.3628887694044
16726,998.3628887694044
16727,998.3628887694044
16728,998.3628887694044
16729,998.3628887694044
16730,998.3628887694044
16731,998.3628887694044
16732,998.3628887694044
16733,998.3628887694044
16734,998.3628887694044
16735,998.3628887694044
16736,998.3628887694044
16737,998.3628887694044
16738,998.3628887694044
16739,998.3628887694044
16740,998.3628887694044
16741,998.3628887694044
16742,998.3628887694044
16743,998.3628887694044
16744,998.3628887694044
16745,998.3628887694044
16746,998.3628887694044
16747,998.3628887694044
16748,998.3628887694044
16749,998.3628887694044
16750,998.3628887694044
16751,998.3628887694044
16752,998.3628887694044
16753,998.3628887694044
16754,998.3628887694044
16755,998.3628887694044
16756,998.3628887694044
16757,998.3628887694044
16758,998.3628887694044
16759,998.3628887694044
16760,998.3628887694044
16761,998.3628887694044
16762,998.3628887694044
16763,998.3628887694044
16764,998.3628887694044
16765,998.3628887694044
16766,998.3628887694044
16767,998.3628887694044
16768,998.3628887694044
16769,998.3628887694044
16770,998.3628887694044
16771,998.3628887694044
16772,998.3628887694044
16773,998.3628887694044
16774,998.3628887694044
16775,998.3628887694044
16776,998.3628887694044
16777,998.3628887694044
16778,998.3628887694044
16779,998.3628887694044
16780,998.3628887694044
16781,998.3628887694044
16782,998.3628887694044
16783,998.3628887694044
16784,998.3628887694044
16785,998.3628887694044
16786,998.3628887694044
16787,998.3628887694044
16788,998.3628887694044
16789,998.3628887694044
16790,998.3628887694044
16791,998.3628887694044
16792,998.3628887694044
16793,998.3628887694044
16794,998.3628887694044
16795,998.3628887694044
16796,998.3628887694044
16797,998.3628887694044
16798,998.3628887694044
16799,998.3628887694044
16800,998.3628887694044
16801,998.3628887694044
16802,998.3628887694044
16803,998.3628887694044
16804,998.3628887694044
16805,998.3628887694044
16806,998.3628887694044
16807,998.3628887694044
16808,998.3628887694044
16809,998.3628887694044
16810,998.3628887694044
16811,998.3628887694044
16812,998.3628887694044
16813,998.3628887694044
16814,998.3628887694044
16815,998.3628887694044
16816,998.3628887694044
16817,998.3628887694044
16818,998.3628887694044
16819,998.3628887694044
16820,998.3628887694044
16821,998.3628887694044
16822,998.3628887694044
16823,998.3628887694044
16824,998.3628887694044
16825,998.3628887694044
16826,998.3628887694044
16827,998.3628887694044
16828,998.3628887694044
16829,998.3628887694044
16830,998.3628887694044
16831,998.3628887694044
16832,998.3628887694044
16833,998.3628887694044
16834,998.3628887694044
16835,998.3628887694044
16836,998.3628887694044
16837,998.3628887694044
16838,998.3628887694044
16839,998.3628887694044
16840,998.3628887694044
16841,998.3628887694044
16842,998.3628887694044
16843,998.3628887694044
16844,998.3628887694044
16845,998.3628887694044
16846,998.3628887694044
16847,998.3628887694044
16848,998.3628887694044
16849,998.3628887694044
16850,998.3628887694044
16851,998.3628887694044
16852,998.3628887694044
16853,998.3628887694044
16854,998.3628887694044
16855,998.3628887694044
16856,998.3628887694044
16857,998.3628887694044
16858,998.3628887694044
16859,998.3628887694044
16860,998.3628887694044
16861,998.3628887694044
16862,998.3628887694044
16863,998.3628887694044
16864,998.3628887694044
16865,998.3628887694044
16866,998.3628887694044
16867,998.3628887694044
16868,998.3628887694044
16869,998.3628887694044
16870,998.3628887694044
16871,998.3628887694044
16872,998.3628887694044
16873,998.3628887694044
16874,998.3628887694044
16875,998.3628887694044
16876,998.3628887694044
16877,998.3628887694044
16878,998.3628887694044
16879,998.3628887694044
16880,998.3628887694044
16881,998.3628887694044
16882,998.3628887694044
16883,998.3628887694044
16884,998.3628887694044
16885,998.3628887694044
16886,998.3628887694044
16887,998.3628887694044
16888,998.3628887694044
16889,998.3628887694044
16890,998.3628887694044
16891,998.3628887694044
16892,998.3628887694044
16893,998.3628887694044
16894,998.3628887694044
16895,998.3628887694044
16896,998.3628887694044
16897,998.3628887694044
16898,998.3628887694044
16899,998.3628887694044
16900,998.3628887694044
16901,998.3628887694044
16902,998.3628887694044
16903,998.3628887694044
16904,998.3628887694044
16905,998.3628887694044
16906,998.3628887694044
16907,998.3628887694044
16908,998.3628887694044
16909,998.3628887694044
16910,998.3628887694044
16911,998.3628887694044
16912,998.3628887694044
16913,998.3628887694044
16914,998.3628887694044
16915,998.3628887694044
16916,998.3628887694044
16917,998.3628887694044
16918,998.3628887694044
16919,998.3628887694044
16920,998.3628887694044
16921,998.3628887694044
16922,998.3628887694044
16923,998.3628887694044
16924,998.3628887694044
16925,998.3628887694044
16926,998.3628887694044
16927,998.3628887694044
16928,998.3628887694044
16929,998.3628887694044
16930,998.3628887694044
16931,998.3628887694044
16932,998.3628887694044
16933,998.3628887694044
16934,998.3628887694044
16935,998.3628887694044
16936,998.3628887694044
16937,998.3628887694044
16938,998.3628887694044
16939,998.3628887694044
16940,998.3628887694044
16941,998.3628887694044
16942,998.3628887694044
16943,998.3628887694044
16944,998.3628887694044
16945,998.3628887694044
16946,998.3628887694044
16947,998.3628887694044
16948,998.3628887694044
16949,998.3628887694044
16950,998.3628887694044
16951,998.3628887694044
16952,998.3628887694044
16953,998.3628887694044
16954,998.3628887694044
16955,998.3628887694044
16956,998.3628887694044
16957,998.3628887694044
16958,998.3628887694044
16959,998.3628887694044
16960,998.3628887694044
16961,998.3628887694044
16962,998.3628887694044
16963,998.3628887694044
16964,998.3628887694044
16965,998.3628887694044
16966,998.3628887694044
16967,998.3628887694044
16968,998.3628887694044
16969,998.3628887694044
16970,998.3628887694044
16971,998.3628887694044
16972,998.3628887694044
16973,998.3628887694044
16974,998.3628887694044
16975,998.3628887694044
16976,998.3628887694044
16977,998.3628887694044
16978,998.3628887694044
16979,998.3628887694044
16980,998.3628887694044
16981,998.3628887694044
16982,998.3628887694044
16983,998.3628887694044
16984,998.3628887694044
16985,998.3628887694044
16986,998.3628887694044
16987,998.3628887694044
16988,998.3628887694044
16989,998.3628887694044
16990,998.3628887694044
16991,998.3628887694044
16992,998.3628887694044
16993,998.3628887694044
16994,998.3628887694044
16995,998.3628887694044
16996,998.3628887694044
16997,998.3628887694044
16998,998.3628887694044
16999,998.3628887694044
17000,998.3628887694044
17001,998.3628887694044
17002,998.3628887694044
17003,998.3628887694044
17004,998.3628887694044
17005,998.3628887694044
17006,998.3628887694044
17007,998.3628887694044
17008,998.3628887694044
17009,998.3628887694044
17010,998.3628887694044
17011,998.3628887694044
17012,998.3628887694044
17013,998.3628887694044
17014,998.3628887694044
17015,998.3628887694044
17016,998.3628887694044
17017,998.3628887694044
17018,998.3628887694044
17019,998.3628887694044
17020,998.3628887694044
17021,998.3628887694044
17022,998.3628887694044
17023,998.3628887694044
17024,998.3628887694044
17025,998.3628887694044
17026,998.3628887694044
17027,998.3628887694044
17028,998.3628887694044
17029,998.3628887694044
17030,998.3628887694044
17031,998.3628887694044
17032,998.3628887694044
17033,998.3628887694044
17034,998.3628887694044
17035,998.3628887694044
17036,998.3628887694044
17037,998.3628887694044
17038,998.3628887694044
17039,998.3628887694044
17040,998.3628887694044
17041,998.3628887694044
17042,998.3628887694044
17043,998.3628887694044
17044,998.3628887694044
17045,998.3628887694044
17046,998.3628887694044
17047,998.3628887694044
17048,998.3628887694044
17049,998.3628887694044
17050,998.3628887694044
17051,998.3628887694044
17052,998.3628887694044
17053,998.3628887694044
17054,998.3628887694044
17055,998.3628887694044
17056,998.3628887694044
17057,998.3628887694044
17058,998.3628887694044
17059,998.3628887694044
17060,998.3628887694044
17061,998.3628887694044
17062,998.3628887694044
17063,998.3628887694044
17064,998.3628887694044
17065,998.3628887694044
17066,998.3628887694044
17067,998.3628887694044
17068,998.3628887694044
17069,998.3628887694044
17070,998.3628887694044
17071,998.3628887694044
17072,998.3628887694044
17073,998.3628887694044
17074,998.3628887694044
17075,998.3628887694044
17076,998.3628887694044
17077,998.3628887694044
17078,998.3628887694044
17079,998.3628887694044
17080,998.3628887694044
17081,998.3628887694044
17082,998.3628887694044
17083,998.3628887694044
17084,998.3628887694044
17085,998.3628887694044
17086,998.3628887694044
17087,998.3628887694044
17088,998.3628887694044
17089,998.3628887694044
17090,998.3628887694044
17091,998.3628887694044
17092,998.3628887694044
17093,998.3628887694044
17094,998.3628887694044
17095,998.3628887694044
17096,998.3628887694044
17097,998.3628887694044
17098,998.3628887694044
17099,998.3628887694044
17100,998.3628887694044
17101,998.3628887694044
17102,998.3628887694044
17103,998.3628887694044
17104,998.3628887694044
17105,998.3628887694044
17106,998.3628887694044
17107,998.3628887694044
17108,998.3628887694044
17109,998.3628887694044
17110,998.3628887694044
17111,998.3628887694044
17112,998.3628887694044
17113,998.3628887694044
17114,998.3628887694044
17115,998.3628887694044
17116,998.3628887694044
17117,998.3628887694044
17118,998.3628887694044
17119,998.3628887694044
17120,998.3628887694044
17121,998.3628887694044
17122,998.3628887694044
17123,998.3628887694044
17124,998.3628887694044
17125,998.3628887694044
17126,998.3628887694044
17127,998.3628887694044
17128,998.3628887694044
17129,998.3628887694044
17130,998.3628887694044
17131,998.3628887694044
17132,998.3628887694044
17133,998.3628887694044
17134,998.3628887694044
17135,998.3628887694044
17136,998.3628887694044
17137,998.3628887694044
17138,998.3628887694044
17139,998.3628887694044
17140,998.3628887694044
17141,998.3628887694044
17142,998.3628887694044
17143,998.3628887694044
17144,998.3628887694044
17145,998.3628887694044
17146,998.3628887694044
17147,998.3628887694044
17148,998.3628887694044
17149,998.3628887694044
17150,998.3628887694044
17151,998.3628887694044
17152,998.3628887694044
17153,998.3628887694044
17154,998.3628887694044
17155,998.3628887694044
17156,998.3628887694044
17157,998.3628887694044
17158,998.3628887694044
17159,998.3628887694044
17160,998.3628887694044
17161,998.3628887694044
17162,998.3628887694044
17163,998.3628887694044
17164,998.3628887694044
17165,998.3628887694044
17166,998.3628887694044
17167,998.3628887694044
17168,998.3628887694044
17169,998.3628887694044
17170,998.3628887694044
17171,998.3628887694044
17172,998.3628887694044
17173,998.3628887694044
17174,998.3628887694044
17175,998.3628887694044
17176,998.3628887694044
17177,998.3628887694044
17178,998.3628887694044
17179,998.3628887694044
17180,998.3628887694044
17181,998.3628887694044
17182,998.3628887694044
17183,998.3628887694044
17184,998.3628887694044
17185,998.3628887694044
17186,998.3628887694044
17187,998.3628887694044
17188,998.3628887694044
17189,998.3628887694044
17190,998.3628887694044
17191,998.3628887694044
17192,998.3628887694044
17193,998.3628887694044
17194,998.3628887694044
17195,998.3628887694044
17196,998.3628887694044
17197,998.3628887694044
17198,998.3628887694044
17199,998.3628887694044
17200,998.3628887694044
17201,998.3628887694044
17202,998.3628887694044
17203,998.3628887694044
17204,998.3628887694044
17205,998.3628887694044
17206,998.3628887694044
17207,998.3628887694044
17208,998.3628887694044
17209,998.3628887694044
17210,998.3628887694044
17211,998.3628887694044
17212,998.3628887694044
17213,998.3628887694044
17214,998.3628887694044
17215,998.3628887694044
17216,998.3628887694044
17217,998.3628887694044
17218,998.3628887694044
17219,998.3628887694044
17220,998.3628887694044
17221,998.3628887694044
17222,998.3628887694044
17223,998.3628887694044
17224,998.3628887694044
17225,998.3628887694044
17226,998.3628887694044
17227,998.3628887694044
17228,998.3628887694044
17229,998.3628887694044
17230,998.3628887694044
17231,998.3628887694044
17232,998.3628887694044
17233,998.3628887694044
17234,998.3628887694044
17235,998.3628887694044
17236,998.3628887694044
17237,998.3628887694044
17238,998.3628887694044
17239,998.3628887694044
17240,998.3628887694044
17241,998.3628887694044
17242,998.3628887694044
17243,998.3628887694044
17244,998.3628887694044
17245,998.3628887694044
17246,998.3628887694044
17247,998.3628887694044
17248,998.3628887694044
17249,998.3628887694044
17250,998.3628887694044
17251,998.3628887694044
17252,998.3628887694044
17253,998.3628887694044
17254,998.3628887694044
17255,998.3628887694044
17256,998.3628887694044
17257,998.3628887694044
17258,998.3628887694044
17259,998.3628887694044
17260,998.3628887694044
17261,998.3628887694044
17262,998.3628887694044
17263,998.3628887694044
17264,998.3628887694044
17265,998.3628887694044
17266,998.3628887694044
17267,998.3628887694044
17268,998.3628887694044
17269,998.3628887694044
17270,998.3628887694044
17271,998.3628887694044
17272,998.3628887694044
17273,998.3628887694044
17274,998.3628887694044
17275,998.3628887694044
17276,998.3628887694044
17277,998.3628887694044
17278,998.3628887694044
17279,998.3628887694044
17280,998.3628887694044
17281,998.3628887694044
17282,998.3628887694044
17283,998.3628887694044
17284,998.3628887694044
17285,998.3628887694044
17286,998.3628887694044
17287,998.3628887694044
17288,998.3628887694044
17289,998.3628887694044
17290,998.3628887694044
17291,998.3628887694044
17292,998.3628887694044
17293,998.3628887694044
17294,998.3628887694044
17295,998.3628887694044
17296,998.3628887694044
17297,998.3628887694044
17298,998.3628887694044
17299,998.3628887694044
17300,998.3628887694044
17301,998.3628887694044
17302,998.3628887694044
17303,998.3628887694044
17304,998.3628887694044
17305,998.3628887694044
17306,998.3628887694044
17307,998.3628887694044
17308,998.3628887694044
17309,998.3628887694044
17310,998.3628887694044
17311,998.3628887694044
17312,998.3628887694044
17313,998.3628887694044
17314,998.3628887694044
17315,998.3628887694044
17316,998.3628887694044
17317,998.3628887694044
17318,998.3628887694044
17319,998.3628887694044
17320,998.3628887694044
17321,998.3628887694044
17322,998.3628887694044
17323,998.3628887694044
17324,998.3628887694044
17325,998.3628887694044
17326,998.3628887694044
17327,998.3628887694044
17328,998.3628887694044
17329,998.3628887694044
17330,998.3628887694044
17331,998.3628887694044
17332,998.3628887694044
17333,998.3628887694044
17334,998.3628887694044
17335,998.3628887694044
17336,998.3628887694044
17337,998.3628887694044
17338,998.3628887694044
17339,998.3628887694044
17340,998.3628887694044
17341,998.3628887694044
17342,998.3628887694044
17343,998.3628887694044
17344,998.3628887694044
17345,998.3628887694044
17346,998.3628887694044
17347,998.3628887694044
17348,998.3628887694044
17349,998.3628887694044
17350,998.3628887694044
17351,998.3628887694044
17352,998.3628887694044
17353,998.3628887694044
17354,998.3628887694044
17355,998.3628887694044
17356,998.3628887694044
17357,998.3628887694044
17358,998.3628887694044
17359,998.3628887694044
17360,998.3628887694044
17361,998.3628887694044
17362,998.3628887694044
17363,998.3628887694044
17364,998.3628887694044
17365,998.3628887694044
17366,998.3628887694044
17367,998.3628887694044
17368,998.3628887694044
17369,998.3628887694044
17370,998.3628887694044
17371,998.3628887694044
17372,998.3628887694044
17373,998.3628887694044
17374,998.3628887694044
17375,998.3628887694044
17376,998.3628887694044
17377,998.3628887694044
17378,998.3628887694044
17379,998.3628887694044
17380,998.3628887694044
17381,998.3628887694044
17382,998.3628887694044
17383,998.3628887694044
17384,998.3628887694044
17385,998.3628887694044
17386,998.3628887694044
17387,998.3628887694044
17388,998.3628887694044
17389,998.3628887694044
17390,998.3628887694044
17391,998.3628887694044
17392,998.3628887694044
17393,998.3628887694044
17394,998.3628887694044
17395,998.3628887694044
17396,998.3628887694044
17397,998.3628887694044
17398,998.3628887694044
17399,998.3628887694044
17400,998.3628887694044
17401,998.3628887694044
17402,998.3628887694044
17403,998.3628887694044
17404,998.3628887694044
17405,998.3628887694044
17406,998.3628887694044
17407,998.3628887694044
17408,998.3628887694044
17409,998.3628887694044
17410,998.3628887694044
17411,998.3628887694044
17412,998.3628887694044
17413,998.3628887694044
17414,998.3628887694044
17415,998.3628887694044
17416,998.3628887694044
17417,998.3628887694044
17418,998.3628887694044
17419,998.3628887694044
17420,998.3628887694044
17421,998.3628887694044
17422,998.3628887694044
17423,998.3628887694044
17424,998.3628887694044
17425,998.3628887694044
17426,998.3628887694044
17427,998.3628887694044
17428,998.3628887694044
17429,998.3628887694044
17430,998.3628887694044
17431,998.3628887694044
17432,998.3628887694044
17433,998.3628887694044
17434,998.3628887694044
17435,998.3628887694044
17436,998.3628887694044
17437,998.3628887694044
17438,998.3628887694044
17439,998.3628887694044
17440,998.3628887694044
17441,998.3628887694044
17442,998.3628887694044
17443,998.3628887694044
17444,998.3628887694044
17445,998.3628887694044
17446,998.3628887694044
17447,998.3628887694044
17448,998.3628887694044
17449,998.3628887694044
17450,998.3628887694044
17451,998.3628887694044
17452,998.3628887694044
17453,998.3628887694044
17454,998.3628887694044
17455,998.3628887694044
17456,998.3628887694044
17457,998.3628887694044
17458,998.3628887694044
17459,998.3628887694044
17460,998.3628887694044
17461,998.3628887694044
17462,998.3628887694044
17463,998.3628887694044
17464,998.3628887694044
17465,998.3628887694044
17466,998.3628887694044
17467,998.3628887694044
17468,998.3628887694044
17469,998.3628887694044
17470,998.3628887694044
17471,998.3628887694044
17472,998.3628887694044
17473,998.3628887694044
17474,998.3628887694044
17475,998.3628887694044
17476,998.3628887694044
17477,998.3628887694044
17478,998.3628887694044
17479,998.3628887694044
17480,998.3628887694044
17481,998.3628887694044
17482,998.3628887694044
17483,998.3628887694044
17484,998.3628887694044
17485,998.3628887694044
17486,998.3628887694044
17487,998.3628887694044
17488,998.3628887694044
17489,998.3628887694044
17490,998.3628887694044
17491,998.3628887694044
17492,998.3628887694044
17493,998.3628887694044
17494,998.3628887694044
17495,998.3628887694044
17496,998.3628887694044
17497,998.3628887694044
17498,998.3628887694044
17499,998.3628887694044
17500,998.3628887694044
17501,998.3628887694044
17502,998.3628887694044
17503,998.3628887694044
17504,998.3628887694044
17505,998.3628887694044
17506,998.3628887694044
17507,998.3628887694044
17508,998.3628887694044
17509,998.3628887694044
17510,998.3628887694044
17511,998.3628887694044
17512,998.3628887694044
17513,998.3628887694044
17514,998.3628887694044
17515,998.3628887694044
17516,998.3628887694044
17517,998.3628887694044
17518,998.3628887694044
17519,998.3628887694044
17520,998.3628887694044
17521,998.3628887694044
17522,998.3628887694044
17523,998.3628887694044
17524,998.3628887694044
17525,998.3628887694044
17526,998.3628887694044
17527,998.3628887694044
17528,998.3628887694044
17529,998.3628887694044
17530,998.3628887694044
17531,998.3628887694044
17532,998.3628887694044
17533,998.3628887694044
17534,998.3628887694044
17535,998.3628887694044
17536,998.3628887694044
17537,998.3628887694044
17538,998.3628887694044
17539,998.3628887694044
17540,998.3628887694044
17541,998.3628887694044
17542,998.3628887694044
17543,998.3628887694044
17544,998.3628887694044
17545,998.3628887694044
17546,998.3628887694044
17547,998.3628887694044
17548,998.3628887694044
17549,998.3628887694044
17550,998.3628887694044
17551,998.3628887694044
17552,998.3628887694044
17553,998.3628887694044
17554,998.3628887694044
17555,998.3628887694044
17556,998.3628887694044
17557,998.3628887694044
17558,998.3628887694044
17559,998.3628887694044
17560,998.3628887694044
17561,998.3628887694044
17562,998.3628887694044
17563,998.3628887694044
17564,998.3628887694044
17565,998.3628887694044
17566,998.3628887694044
17567,998.3628887694044
17568,998.3628887694044
17569,998.3628887694044
17570,998.3628887694044
17571,998.3628887694044
17572,998.3628887694044
17573,998.3628887694044
17574,998.3628887694044
17575,998.3628887694044
17576,998.3628887694044
17577,998.3628887694044
17578,998.3628887694044
17579,998.3628887694044
17580,998.3628887694044
17581,998.3628887694044
17582,998.3628887694044
17583,998.3628887694044
17584,998.3628887694044
17585,998.3628887694044
17586,998.3628887694044
17587,998.3628887694044
17588,998.3628887694044
17589,998.3628887694044
17590,998.3628887694044
17591,998.3628887694044
17592,998.3628887694044
17593,998.3628887694044
17594,998.3628887694044
17595,998.3628887694044
17596,998.3628887694044
17597,998.3628887694044
17598,998.3628887694044
17599,998.3628887694044
17600,998.3628887694044
17601,998.3628887694044
17602,998.3628887694044
17603,998.3628887694044
17604,998.3628887694044
17605,998.3628887694044
17606,998.3628887694044
17607,998.3628887694044
17608,998.3628887694044
17609,998.3628887694044
17610,998.3628887694044
17611,998.3628887694044
17612,998.3628887694044
17613,998.3628887694044
17614,998.3628887694044
17615,998.3628887694044
17616,998.3628887694044
17617,998.3628887694044
17618,998.3628887694044
17619,998.3628887694044
17620,998.3628887694044
17621,998.3628887694044
17622,998.3628887694044
17623,998.3628887694044
17624,998.3628887694044
17625,998.3628887694044
17626,998.3628887694044
17627,998.3628887694044
17628,998.3628887694044
17629,998.3628887694044
17630,998.3628887694044
17631,998.3628887694044
17632,998.3628887694044
17633,998.3628887694044
17634,998.3628887694044
17635,998.3628887694044
17636,998.3628887694044
17637,998.3628887694044
17638,998.3628887694044
17639,998.3628887694044
17640,998.3628887694044
17641,998.3628887694044
17642,998.3628887694044
17643,998.3628887694044
17644,998.3628887694044
17645,998.3628887694044
17646,998.3628887694044
17647,998.3628887694044
17648,998.3628887694044
17649,998.3628887694044
17650,998.3628887694044
17651,998.3628887694044
17652,998.3628887694044
17653,998.3628887694044
17654,998.3628887694044
17655,998.3628887694044
17656,998.3628887694044
17657,998.3628887694044
17658,998.3628887694044
17659,998.3628887694044
17660,998.3628887694044
17661,998.3628887694044
17662,998.3628887694044
17663,998.3628887694044
17664,998.3628887694044
17665,998.3628887694044
17666,998.3628887694044
17667,998.3628887694044
17668,998.3628887694044
17669,998.3628887694044
17670,998.3628887694044
17671,998.3628887694044
17672,998.3628887694044
17673,998.3628887694044
17674,998.3628887694044
17675,998.3628887694044
17676,998.3628887694044
17677,998.3628887694044
17678,998.3628887694044
17679,998.3628887694044
17680,998.3628887694044
17681,998.3628887694044
17682,998.3628887694044
17683,998.3628887694044
17684,998.3628887694044
17685,998.3628887694044
17686,998.3628887694044
17687,998.3628887694044
17688,998.3628887694044
17689,998.3628887694044
17690,998.3628887694044
17691,998.3628887694044
17692,998.3628887694044
17693,998.3628887694044
17694,998.3628887694044
17695,998.3628887694044
17696,998.3628887694044
17697,998.3628887694044
17698,998.3628887694044
17699,998.3628887694044
17700,998.3628887694044
17701,998.3628887694044
17702,998.3628887694044
17703,998.3628887694044
17704,998.3628887694044
17705,998.3628887694044
17706,998.3628887694044
17707,998.3628887694044
17708,998.3628887694044
17709,998.3628887694044
17710,998.3628887694044
17711,998.3628887694044
17712,998.3628887694044
17713,998.3628887694044
17714,998.3628887694044
17715,998.3628887694044
17716,998.3628887694044
17717,998.3628887694044
17718,998.3628887694044
17719,998.3628887694044
17720,998.3628887694044
17721,998.3628887694044
17722,998.3628887694044
17723,998.3628887694044
17724,998.3628887694044
17725,998.3628887694044
17726,998.3628887694044
17727,998.3628887694044
17728,998.3628887694044
17729,998.3628887694044
17730,998.3628887694044
17731,998.3628887694044
17732,998.3628887694044
17733,998.3628887694044
17734,998.3628887694044
17735,998.3628887694044
17736,998.3628887694044
17737,998.3628887694044
17738,998.3628887694044
17739,998.3628887694044
17740,998.3628887694044
17741,998.3628887694044
17742,998.3628887694044
17743,998.3628887694044
17744,998.3628887694044
17745,998.3628887694044
17746,998.3628887694044
17747,998.3628887694044
17748,998.3628887694044
17749,998.3628887694044
17750,998.3628887694044
17751,998.3628887694044
17752,998.3628887694044
17753,998.3628887694044
17754,998.3628887694044
17755,998.3628887694044
17756,998.3628887694044
17757,998.3628887694044
17758,998.3628887694044
17759,998.3628887694044
17760,998.3628887694044
17761,998.3628887694044
17762,998.3628887694044
17763,998.3628887694044
17764,998.3628887694044
17765,998.3628887694044
17766,998.3628887694044
17767,998.3628887694044
17768,998.3628887694044
17769,998.3628887694044
17770,998.3628887694044
17771,998.3628887694044
17772,998.3628887694044
17773,998.3628887694044
17774,998.3628887694044
17775,998.3628887694044
17776,998.3628887694044
17777,998.3628887694044
17778,998.3628887694044
17779,998.3628887694044
17780,998.3628887694044
17781,998.3628887694044
17782,998.3628887694044
17783,998.3628887694044
17784,998.3628887694044
17785,998.3628887694044
17786,998.3628887694044
17787,998.3628887694044
17788,998.3628887694044
17789,998.3628887694044
17790,998.3628887694044
17791,998.3628887694044
17792,998.3628887694044
17793,998.3628887694044
17794,998.3628887694044
17795,998.3628887694044
17796,998.3628887694044
17797,998.3628887694044
17798,998.3628887694044
17799,998.3628887694044
17800,998.3628887694044
17801,998.3628887694044
17802,998.3628887694044
17803,998.3628887694044
17804,998.3628887694044
17805,998.3628887694044
17806,998.3628887694044
17807,998.3628887694044
17808,998.3628887694044
17809,998.3628887694044
17810,998.3628887694044
17811,998.3628887694044
17812,998.3628887694044
17813,998.3628887694044
17814,998.3628887694044
17815,998.3628887694044
17816,998.3628887694044
17817,998.3628887694044
17818,998.3628887694044
17819,998.3628887694044
17820,998.3628887694044
17821,998.3628887694044
17822,998.3628887694044
17823,998.3628887694044
17824,998.3628887694044
17825,998.3628887694044
17826,998.3628887694044
17827,998.3628887694044
17828,998.3628887694044
17829,998.3628887694044
17830,998.3628887694044
17831,998.3628887694044
17832,998.3628887694044
17833,998.3628887694044
17834,998.3628887694044
17835,998.3628887694044
17836,998.3628887694044
17837,998.3628887694044
17838,998.3628887694044
17839,998.3628887694044
17840,998.3628887694044
17841,998.3628887694044
17842,998.3628887694044
17843,998.3628887694044
17844,998.3628887694044
17845,998.3628887694044
17846,998.3628887694044
17847,998.3628887694044
17848,998.3628887694044
17849,998.3628887694044
17850,998.3628887694044
17851,998.3628887694044
17852,998.3628887694044
17853,998.3628887694044
17854,998.3628887694044
17855,998.3628887694044
17856,998.3628887694044
17857,998.3628887694044
17858,998.3628887694044
17859,998.3628887694044
17860,998.3628887694044
17861,998.3628887694044
17862,998.3628887694044
17863,998.3628887694044
17864,998.3628887694044
17865,998.3628887694044
17866,998.3628887694044
17867,998.3628887694044
17868,998.3628887694044
17869,998.3628887694044
17870,998.3628887694044
17871,998.3628887694044
17872,998.3628887694044
17873,998.3628887694044
17874,998.3628887694044
17875,998.3628887694044
17876,998.3628887694044
17877,998.3628887694044
17878,998.3628887694044
17879,998.3628887694044
17880,998.3628887694044
17881,998.3628887694044
17882,998.3628887694044
17883,998.3628887694044
17884,998.3628887694044
17885,998.3628887694044
17886,998.3628887694044
17887,998.3628887694044
17888,998.3628887694044
17889,998.3628887694044
17890,998.3628887694044
17891,998.3628887694044
17892,998.3628887694044
17893,998.3628887694044
17894,998.3628887694044
17895,998.3628887694044
17896,998.3628887694044
17897,998.3628887694044
17898,998.3628887694044
17899,998.3628887694044
17900,998.3628887694044
17901,998.3628887694044
17902,998.3628887694044
17903,998.3628887694044
17904,998.3628887694044
17905,998.3628887694044
17906,998.3628887694044
17907,998.3628887694044
17908,998.3628887694044
17909,998.3628887694044
17910,998.3628887694044
17911,998.3628887694044
17912,998.3628887694044
17913,998.3628887694044
17914,998.3628887694044
17915,998.3628887694044
17916,998.3628887694044
17917,998.3628887694044
17918,998.3628887694044
17919,998.3628887694044
17920,998.3628887694044
17921,998.3628887694044
17922,998.3628887694044
17923,998.3628887694044
17924,998.3628887694044
17925,998.3628887694044
17926,998.3628887694044
17927,998.3628887694044
17928,998.3628887694044
17929,998.3628887694044
17930,998.3628887694044
17931,998.3628887694044
17932,998.3628887694044
17933,998.3628887694044
17934,998.3628887694044
17935,998.3628887694044
17936,998.3628887694044
17937,998.3628887694044
17938,998.3628887694044
17939,998.3628887694044
17940,998.3628887694044
17941,998.3628887694044
17942,998.3628887694044
17943,998.3628887694044
17944,998.3628887694044
17945,998.3628887694044
17946,998.3628887694044
17947,998.3628887694044
17948,998.3628887694044
17949,998.3628887694044
17950,998.3628887694044
17951,998.3628887694044
17952,998.3628887694044
17953,998.3628887694044
17954,998.3628887694044
17955,998.3628887694044
17956,998.3628887694044
17957,998.3628887694044
17958,998.3628887694044
17959,998.3628887694044
17960,998.3628887694044
17961,998.3628887694044
17962,998.3628887694044
17963,998.3628887694044
17964,998.3628887694044
17965,998.3628887694044
17966,998.3628887694044
17967,998.3628887694044
17968,998.3628887694044
17969,998.3628887694044
17970,998.3628887694044
17971,998.3628887694044
17972,998.3628887694044
17973,998.3628887694044
17974,998.3628887694044
17975,998.3628887694044
17976,998.3628887694044
17977,998.3628887694044
17978,998.3628887694044
17979,998.3628887694044
17980,998.3628887694044
17981,998.3628887694044
17982,998.3628887694044
17983,998.3628887694044
17984,998.3628887694044
17985,998.3628887694044
17986,998.3628887694044
17987,998.3628887694044
17988,998.3628887694044
17989,998.3628887694044
17990,998.3628887694044
17991,998.3628887694044
17992,998.3628887694044
17993,998.3628887694044
17994,998.3628887694044
17995,998.3628887694044
17996,998.3628887694044
17997,998.3628887694044
17998,998.3628887694044
17999,998.3628887694044
18000,998.3628887694044
18001,998.3628887694044
18002,998.3628887694044
18003,998.3628887694044
18004,998.3628887694044
18005,998.3628887694044
18006,998.3628887694044
18007,998.3628887694044
18008,998.3628887694044
18009,998.3628887694044
18010,998.3628887694044
18011,998.3628887694044
18012,998.3628887694044
18013,998.3628887694044
18014,998.3628887694044
18015,998.3628887694044
18016,998.3628887694044
18017,998.3628887694044
18018,998.3628887694044
18019,998.3628887694044
18020,998.3628887694044
18021,998.3628887694044
18022,998.3628887694044
18023,998.3628887694044
18024,998.3628887694044
18025,998.3628887694044
18026,998.3628887694044
18027,998.3628887694044
18028,998.3628887694044
18029,998.3628887694044
18030,998.3628887694044
18031,998.3628887694044
18032,998.3628887694044
18033,998.3628887694044
18034,998.3628887694044
18035,998.3628887694044
18036,998.3628887694044
18037,998.3628887694044
18038,998.3628887694044
18039,998.3628887694044
18040,998.3628887694044
18041,998.3628887694044
18042,998.3628887694044
18043,998.3628887694044
18044,998.3628887694044
18045,998.3628887694044
18046,998.3628887694044
18047,998.3628887694044
18048,998.3628887694044
18049,998.3628887694044
18050,998.3628887694044
18051,998.3628887694044
18052,998.3628887694044
18053,998.3628887694044
18054,998.3628887694044
18055,998.3628887694044
18056,998.3628887694044
18057,998.3628887694044
18058,998.3628887694044
18059,998.3628887694044
18060,998.3628887694044
18061,998.3628887694044
18062,998.3628887694044
18063,998.3628887694044
18064,998.3628887694044
18065,998.3628887694044
18066,998.3628887694044
18067,998.3628887694044
18068,998.3628887694044
18069,998.3628887694044
18070,998.3628887694044
18071,998.3628887694044
18072,998.3628887694044
18073,998.3628887694044
18074,998.3628887694044
18075,998.3628887694044
18076,998.3628887694044
18077,998.3628887694044
18078,998.3628887694044
18079,998.3628887694044
18080,998.3628887694044
18081,998.3628887694044
18082,998.3628887694044
18083,998.3628887694044
18084,998.3628887694044
18085,998.3628887694044
18086,998.3628887694044
18087,998.3628887694044
18088,998.3628887694044
18089,998.3628887694044
18090,998.3628887694044
18091,998.3628887694044
18092,998.3628887694044
18093,998.3628887694044
18094,998.3628887694044
18095,998.3628887694044
18096,998.3628887694044
18097,998.3628887694044
18098,998.3628887694044
18099,998.3628887694044
18100,998.3628887694044
18101,998.3628887694044
18102,998.3628887694044
18103,998.3628887694044
18104,998.3628887694044
18105,998.3628887694044
18106,998.3628887694044
18107,998.3628887694044
18108,998.3628887694044
18109,998.3628887694044
18110,998.3628887694044
18111,998.3628887694044
18112,998.3628887694044
18113,998.3628887694044
18114,998.3628887694044
18115,998.3628887694044
18116,998.3628887694044
18117,998.3628887694044
18118,998.3628887694044
18119,998.3628887694044
18120,998.3628887694044
18121,998.3628887694044
18122,998.3628887694044
18123,998.3628887694044
18124,998.3628887694044
18125,998.3628887694044
18126,998.3628887694044
18127,998.3628887694044
18128,998.3628887694044
18129,998.3628887694044
18130,998.3628887694044
18131,998.3628887694044
18132,998.3628887694044
18133,998.3628887694044
18134,998.3628887694044
18135,998.3628887694044
18136,998.3628887694044
18137,998.3628887694044
18138,998.3628887694044
18139,998.3628887694044
18140,998.3628887694044
18141,998.3628887694044
18142,998.3628887694044
18143,998.3628887694044
18144,998.3628887694044
18145,998.3628887694044
18146,998.3628887694044
18147,998.3628887694044
18148,998.3628887694044
18149,998.3628887694044
18150,998.3628887694044
18151,998.3628887694044
18152,998.3628887694044
18153,998.3628887694044
18154,998.3628887694044
18155,998.3628887694044
18156,998.3628887694044
18157,998.3628887694044
18158,998.3628887694044
18159,998.3628887694044
18160,998.3628887694044
18161,998.3628887694044
18162,998.3628887694044
18163,998.3628887694044
18164,998.3628887694044
18165,998.3628887694044
18166,998.3628887694044
18167,998.3628887694044
18168,998.3628887694044
18169,998.3628887694044
18170,998.3628887694044
18171,998.3628887694044
18172,998.3628887694044
18173,998.3628887694044
18174,998.3628887694044
18175,998.3628887694044
18176,998.3628887694044
18177,998.3628887694044
18178,998.3628887694044
18179,998.3628887694044
18180,998.3628887694044
18181,998.3628887694044
18182,998.3628887694044
18183,998.3628887694044
18184,998.3628887694044
18185,998.3628887694044
18186,998.3628887694044
18187,998.3628887694044
18188,998.3628887694044
18189,998.3628887694044
18190,998.3628887694044
18191,998.3628887694044
18192,998.3628887694044
18193,998.3628887694044
18194,998.3628887694044
18195,998.3628887694044
18196,998.3628887694044
18197,998.3628887694044
18198,998.3628887694044
18199,998.3628887694044
18200,998.3628887694044
18201,998.3628887694044
18202,998.3628887694044
18203,998.3628887694044
18204,998.3628887694044
18205,998.3628887694044
18206,998.3628887694044
18207,998.3628887694044
18208,998.3628887694044
18209,998.3628887694044
18210,998.3628887694044
18211,998.3628887694044
18212,998.3628887694044
18213,998.3628887694044
18214,998.3628887694044
18215,998.3628887694044
18216,998.3628887694044
18217,998.3628887694044
18218,998.3628887694044
18219,998.3628887694044
18220,998.3628887694044
18221,998.3628887694044
18222,998.3628887694044
18223,998.3628887694044
18224,998.3628887694044
18225,998.3628887694044
18226,998.3628887694044
18227,998.3628887694044
18228,998.3628887694044
18229,998.3628887694044
18230,998.3628887694044
18231,998.3628887694044
18232,998.3628887694044
18233,998.3628887694044
18234,998.3628887694044
18235,998.3628887694044
18236,998.3628887694044
18237,998.3628887694044
18238,998.3628887694044
18239,998.3628887694044
18240,998.3628887694044
18241,998.3628887694044
18242,998.3628887694044
18243,998.3628887694044
18244,998.3628887694044
18245,998.3628887694044
18246,998.3628887694044
18247,998.3628887694044
18248,998.3628887694044
18249,998.3628887694044
18250,998.3628887694044
18251,998.3628887694044
18252,998.3628887694044
18253,998.3628887694044
18254,998.3628887694044
18255,998.3628887694044
18256,998.3628887694044
18257,998.3628887694044
18258,998.3628887694044
18259,998.3628887694044
18260,998.3628887694044
18261,998.3628887694044
18262,998.3628887694044
18263,998.3628887694044
18264,998.3628887694044
18265,998.3628887694044
18266,998.3628887694044
18267,998.3628887694044
18268,998.3628887694044
18269,998.3628887694044
18270,998.3628887694044
18271,998.3628887694044
18272,998.3628887694044
18273,998.3628887694044
18274,998.3628887694044
18275,998.3628887694044
18276,998.3628887694044
18277,998.3628887694044
18278,998.3628887694044
18279,998.3628887694044
18280,998.3628887694044
18281,998.3628887694044
18282,998.3628887694044
18283,998.3628887694044
18284,998.3628887694044
18285,998.3628887694044
18286,998.3628887694044
18287,998.3628887694044
18288,998.3628887694044
18289,998.3628887694044
18290,998.3628887694044
18291,998.3628887694044
18292,998.3628887694044
18293,998.3628887694044
18294,998.3628887694044
18295,998.3628887694044
18296,998.3628887694044
18297,998.3628887694044
18298,998.3628887694044
18299,998.3628887694044
18300,998.3628887694044
18301,998.3628887694044
18302,998.3628887694044
18303,998.3628887694044
18304,998.3628887694044
18305,998.3628887694044
18306,998.3628887694044
18307,998.3628887694044
18308,998.3628887694044
18309,998.3628887694044
18310,998.3628887694044
18311,998.3628887694044
18312,998.3628887694044
18313,998.3628887694044
18314,998.3628887694044
18315,998.3628887694044
18316,998.3628887694044
18317,998.3628887694044
18318,998.3628887694044
18319,998.3628887694044
18320,998.3628887694044
18321,998.3628887694044
18322,998.3628887694044
18323,998.3628887694044
18324,998.3628887694044
18325,998.3628887694044
18326,998.3628887694044
18327,998.3628887694044
18328,998.3628887694044
18329,998.3628887694044
18330,998.3628887694044
18331,998.3628887694044
18332,998.3628887694044
18333,998.3628887694044
18334,998.3628887694044
18335,998.3628887694044
18336,998.3628887694044
18337,998.3628887694044
18338,998.3628887694044
18339,998.3628887694044
18340,998.3628887694044
18341,998.3628887694044
18342,998.3628887694044
18343,998.3628887694044
18344,998.3628887694044
18345,998.3628887694044
18346,998.3628887694044
18347,998.3628887694044
18348,998.3628887694044
18349,998.3628887694044
18350,998.3628887694044
18351,998.3628887694044
18352,998.3628887694044
18353,998.3628887694044
18354,998.3628887694044
18355,998.3628887694044
18356,998.3628887694044
18357,998.3628887694044
18358,998.3628887694044
18359,998.3628887694044
18360,998.3628887694044
18361,998.3628887694044
18362,998.3628887694044
18363,998.3628887694044
18364,998.3628887694044
18365,998.3628887694044
18366,998.3628887694044
18367,998.3628887694044
18368,998.3628887694044
18369,998.3628887694044
18370,998.3628887694044
18371,998.3628887694044
18372,998.3628887694044
18373,998.3628887694044
18374,998.3628887694044
18375,998.3628887694044
18376,998.3628887694044
18377,998.3628887694044
18378,998.3628887694044
18379,998.3628887694044
18380,998.3628887694044
18381,998.3628887694044
18382,998.3628887694044
18383,998.3628887694044
18384,998.3628887694044
18385,998.3628887694044
18386,998.3628887694044
18387,998.3628887694044
18388,998.3628887694044
18389,998.3628887694044
18390,998.3628887694044
18391,998.3628887694044
18392,998.3628887694044
18393,998.3628887694044
18394,998.3628887694044
18395,998.3628887694044
18396,998.3628887694044
18397,998.3628887694044
18398,998.3628887694044
18399,998.3628887694044
18400,998.3628887694044
18401,998.3628887694044
18402,998.3628887694044
18403,998.3628887694044
18404,998.3628887694044
18405,998.3628887694044
18406,998.3628887694044
18407,998.3628887694044
18408,998.3628887694044
18409,998.3628887694044
18410,998.3628887694044
18411,998.3628887694044
18412,998.3628887694044
18413,998.3628887694044
18414,998.3628887694044
18415,998.3628887694044
18416,998.3628887694044
18417,998.3628887694044
18418,998.3628887694044
18419,998.3628887694044
18420,998.3628887694044
18421,998.3628887694044
18422,998.3628887694044
18423,998.3628887694044
18424,998.3628887694044
18425,998.3628887694044
18426,998.3628887694044
18427,998.3628887694044
18428,998.3628887694044
18429,998.3628887694044
18430,998.3628887694044
18431,998.3628887694044
18432,998.3628887694044
18433,998.3628887694044
18434,998.3628887694044
18435,998.3628887694044
18436,998.3628887694044
18437,998.3628887694044
18438,998.3628887694044
18439,998.3628887694044
18440,998.3628887694044
18441,998.3628887694044
18442,998.3628887694044
18443,998.3628887694044
18444,998.3628887694044
18445,998.3628887694044
18446,998.3628887694044
18447,998.3628887694044
18448,998.3628887694044
18449,998.3628887694044
18450,998.3628887694044
18451,998.3628887694044
18452,998.3628887694044
18453,998.3628887694044
18454,998.3628887694044
18455,998.3628887694044
18456,998.3628887694044
18457,998.3628887694044
18458,998.3628887694044
18459,998.3628887694044
18460,998.3628887694044
18461,998.3628887694044
18462,998.3628887694044
18463,998.3628887694044
18464,998.3628887694044
18465,998.3628887694044
18466,998.3628887694044
18467,998.3628887694044
18468,998.3628887694044
18469,998.3628887694044
18470,998.3628887694044
18471,998.3628887694044
18472,998.3628887694044
18473,998.3628887694044
18474,998.3628887694044
18475,998.3628887694044
18476,998.3628887694044
18477,998.3628887694044
18478,998.3628887694044
18479,998.3628887694044
18480,998.3628887694044
18481,998.3628887694044
18482,998.3628887694044
18483,998.3628887694044
18484,998.3628887694044
18485,998.3628887694044
18486,998.3628887694044
18487,998.3628887694044
18488,998.3628887694044
18489,998.3628887694044
18490,998.3628887694044
18491,998.3628887694044
18492,998.3628887694044
18493,998.3628887694044
18494,998.3628887694044
18495,998.3628887694044
18496,998.3628887694044
18497,998.3628887694044
18498,998.3628887694044
18499,998.3628887694044
18500,998.3628887694044
18501,998.3628887694044
18502,998.3628887694044
18503,998.3628887694044
18504,998.3628887694044
18505,998.3628887694044
18506,998.3628887694044
18507,998.3628887694044
18508,998.3628887694044
18509,998.3628887694044
18510,998.3628887694044
18511,998.3628887694044
18512,998.3628887694044
18513,998.3628887694044
18514,998.3628887694044
18515,998.3628887694044
18516,998.3628887694044
18517,998.3628887694044
18518,998.3628887694044
18519,998.3628887694044
18520,998.3628887694044
18521,998.3628887694044
18522,998.3628887694044
18523,998.3628887694044
18524,998.3628887694044
18525,998.3628887694044
18526,998.3628887694044
18527,998.3628887694044
18528,998.3628887694044
18529,998.3628887694044
18530,998.3628887694044
18531,998.3628887694044
18532,998.3628887694044
18533,998.3628887694044
18534,998.3628887694044
18535,998.3628887694044
18536,998.3628887694044
18537,998.3628887694044
18538,998.3628887694044
18539,998.3628887694044
18540,998.3628887694044
18541,998.3628887694044
18542,998.3628887694044
18543,998.3628887694044
18544,998.3628887694044
18545,998.3628887694044
18546,998.3628887694044
18547,998.3628887694044
18548,998.3628887694044
18549,998.3628887694044
18550,998.3628887694044
18551,998.3628887694044
18552,998.3628887694044
18553,998.3628887694044
18554,998.3628887694044
18555,998.3628887694044
18556,998.3628887694044
18557,998.3628887694044
18558,998.3628887694044
18559,998.3628887694044
18560,998.3628887694044
18561,998.3628887694044
18562,998.3628887694044
18563,998.3628887694044
18564,998.3628887694044
18565,998.3628887694044
18566,998.3628887694044
18567,998.3628887694044
18568,998.3628887694044
18569,998.3628887694044
18570,998.3628887694044
18571,998.3628887694044
18572,998.3628887694044
18573,998.3628887694044
18574,998.3628887694044
18575,998.3628887694044
18576,998.3628887694044
18577,998.3628887694044
18578,998.3628887694044
18579,998.3628887694044
18580,998.3628887694044
18581,998.3628887694044
18582,998.3628887694044
18583,998.3628887694044
18584,998.3628887694044
18585,998.3628887694044
18586,998.3628887694044
18587,998.3628887694044
18588,998.3628887694044
18589,998.3628887694044
18590,998.3628887694044
18591,998.3628887694044
18592,998.3628887694044
18593,998.3628887694044
18594,998.3628887694044
18595,998.3628887694044
18596,998.3628887694044
18597,998.3628887694044
18598,998.3628887694044
18599,998.3628887694044
18600,998.3628887694044
18601,998.3628887694044
18602,998.3628887694044
18603,998.3628887694044
18604,998.3628887694044
18605,998.3628887694044
18606,998.3628887694044
18607,998.3628887694044
18608,998.3628887694044
18609,998.3628887694044
18610,998.3628887694044
18611,998.3628887694044
18612,998.3628887694044
18613,998.3628887694044
18614,998.3628887694044
18615,998.3628887694044
18616,998.3628887694044
18617,998.3628887694044
18618,998.3628887694044
18619,998.3628887694044
18620,998.3628887694044
18621,998.3628887694044
18622,998.3628887694044
18623,998.3628887694044
18624,998.3628887694044
18625,998.3628887694044
18626,998.3628887694044
18627,998.3628887694044
18628,998.3628887694044
18629,998.3628887694044
18630,998.3628887694044
18631,998.3628887694044
18632,998.3628887694044
18633,998.3628887694044
18634,998.3628887694044
18635,998.3628887694044
18636,998.3628887694044
18637,998.3628887694044
18638,998.3628887694044
18639,998.3628887694044
18640,998.3628887694044
18641,998.3628887694044
18642,998.3628887694044
18643,998.3628887694044
18644,998.3628887694044
18645,998.3628887694044
18646,998.3628887694044
18647,998.3628887694044
18648,998.3628887694044
18649,998.3628887694044
18650,998.3628887694044
18651,998.3628887694044
18652,998.3628887694044
18653,998.3628887694044
18654,998.3628887694044
18655,998.3628887694044
18656,998.3628887694044
18657,998.3628887694044
18658,998.3628887694044
18659,998.3628887694044
18660,998.3628887694044
18661,998.3628887694044
18662,998.3628887694044
18663,998.3628887694044
18664,998.3628887694044
18665,998.3628887694044
18666,998.3628887694044
18667,998.3628887694044
18668,998.3628887694044
18669,998.3628887694044
18670,998.3628887694044
18671,998.3628887694044
18672,998.3628887694044
18673,998.3628887694044
18674,998.3628887694044
18675,998.3628887694044
18676,998.3628887694044
18677,998.3628887694044
18678,998.3628887694044
18679,998.3628887694044
18680,998.3628887694044
18681,998.3628887694044
18682,998.3628887694044
18683,998.3628887694044
18684,998.3628887694044
18685,998.3628887694044
18686,998.3628887694044
18687,998.3628887694044
18688,998.3628887694044
18689,998.3628887694044
18690,998.3628887694044
18691,998.3628887694044
18692,998.3628887694044
18693,998.3628887694044
18694,998.3628887694044
18695,998.3628887694044
18696,998.3628887694044
18697,998.3628887694044
18698,998.3628887694044
18699,998.3628887694044
18700,998.3628887694044
18701,998.3628887694044
18702,998.3628887694044
18703,998.3628887694044
18704,998.3628887694044
18705,998.3628887694044
18706,998.3628887694044
18707,998.3628887694044
18708,998.3628887694044
18709,998.3628887694044
18710,998.3628887694044
18711,998.3628887694044
18712,998.3628887694044
18713,998.3628887694044
18714,998.3628887694044
18715,998.3628887694044
18716,998.3628887694044
18717,998.3628887694044
18718,998.3628887694044
18719,998.3628887694044
18720,998.3628887694044
18721,998.3628887694044
18722,998.3628887694044
18723,998.3628887694044
18724,998.3628887694044
18725,998.3628887694044
18726,998.3628887694044
18727,998.3628887694044
18728,998.3628887694044
18729,998.3628887694044
18730,998.3628887694044
18731,998.3628887694044
18732,998.3628887694044
18733,998.3628887694044
18734,998.3628887694044
18735,998.3628887694044
18736,998.3628887694044
18737,998.3628887694044
18738,998.3628887694044
18739,998.3628887694044
18740,998.3628887694044
18741,998.3628887694044
18742,998.3628887694044
18743,998.3628887694044
18744,998.3628887694044
18745,998.3628887694044
18746,998.3628887694044
18747,998.3628887694044
18748,998.3628887694044
18749,998.3628887694044
18750,998.3628887694044
18751,998.3628887694044
18752,998.3628887694044
18753,998.3628887694044
18754,998.3628887694044
18755,998.3628887694044
18756,998.3628887694044
18757,998.3628887694044
18758,998.3628887694044
18759,998.3628887694044
18760,998.3628887694044
18761,998.3628887694044
18762,998.3628887694044
18763,998.3628887694044
18764,998.3628887694044
18765,998.3628887694044
18766,998.3628887694044
18767,998.3628887694044
18768,998.3628887694044
18769,998.3628887694044
18770,998.3628887694044
18771,998.3628887694044
18772,998.3628887694044
18773,998.3628887694044
18774,998.3628887694044
18775,998.3628887694044
18776,998.3628887694044
18777,998.3628887694044
18778,998.3628887694044
18779,998.3628887694044
18780,998.3628887694044
18781,998.3628887694044
18782,998.3628887694044
18783,998.3628887694044
18784,998.3628887694044
18785,998.3628887694044
18786,998.3628887694044
18787,998.3628887694044
18788,998.3628887694044
18789,998.3628887694044
18790,998.3628887694044
18791,998.3628887694044
18792,998.3628887694044
18793,998.3628887694044
18794,998.3628887694044
18795,998.3628887694044
18796,998.3628887694044
18797,998.3628887694044
18798,998.3628887694044
18799,998.3628887694044
18800,998.3628887694044
18801,998.3628887694044
18802,998.3628887694044
18803,998.3628887694044
18804,998.3628887694044
18805,998.3628887694044
18806,998.3628887694044
18807,998.3628887694044
18808,998.3628887694044
18809,998.3628887694044
18810,998.3628887694044
18811,998.3628887694044
18812,998.3628887694044
18813,998.3628887694044
18814,998.3628887694044
18815,998.3628887694044
18816,998.3628887694044
18817,998.3628887694044
18818,998.3628887694044
18819,998.3628887694044
18820,998.3628887694044
18821,998.3628887694044
18822,998.3628887694044
18823,998.3628887694044
18824,998.3628887694044
18825,998.3628887694044
18826,998.3628887694044
18827,998.3628887694044
18828,998.3628887694044
18829,998.3628887694044
18830,998.3628887694044
18831,998.3628887694044
18832,998.3628887694044
18833,998.3628887694044
18834,998.3628887694044
18835,998.3628887694044
18836,998.3628887694044
18837,998.3628887694044
18838,998.3628887694044
18839,998.3628887694044
18840,998.3628887694044
18841,998.3628887694044
18842,998.3628887694044
18843,998.3628887694044
18844,998.3628887694044
18845,998.3628887694044
18846,998.3628887694044
18847,998.3628887694044
18848,998.3628887694044
18849,998.3628887694044
18850,998.3628887694044
18851,998.3628887694044
18852,998.3628887694044
18853,998.3628887694044
18854,998.3628887694044
18855,998.3628887694044
18856,998.3628887694044
18857,998.3628887694044
18858,998.3628887694044
18859,998.3628887694044
18860,998.3628887694044
18861,998.3628887694044
18862,998.3628887694044
18863,998.3628887694044
18864,998.3628887694044
18865,998.3628887694044
18866,998.3628887694044
18867,998.3628887694044
18868,998.3628887694044
18869,998.3628887694044
18870,998.3628887694044
18871,998.3628887694044
18872,998.3628887694044
18873,998.3628887694044
18874,998.3628887694044
18875,998.3628887694044
18876,998.3628887694044
18877,998.3628887694044
18878,998.3628887694044
18879,998.3628887694044
18880,998.3628887694044
18881,998.3628887694044
18882,998.3628887694044
18883,998.3628887694044
18884,998.3628887694044
18885,998.3628887694044
18886,998.3628887694044
18887,998.3628887694044
18888,998.3628887694044
18889,998.3628887694044
18890,998.3628887694044
18891,998.3628887694044
18892,998.3628887694044
18893,998.3628887694044
18894,998.3628887694044
18895,998.3628887694044
18896,998.3628887694044
18897,998.3628887694044
18898,998.3628887694044
18899,998.3628887694044
18900,998.3628887694044
18901,998.3628887694044
18902,998.3628887694044
18903,998.3628887694044
18904,998.3628887694044
18905,998.3628887694044
18906,998.3628887694044
18907,998.3628887694044
18908,998.3628887694044
18909,998.3628887694044
18910,998.3628887694044
18911,998.3628887694044
18912,998.3628887694044
18913,998.3628887694044
18914,998.3628887694044
18915,998.3628887694044
18916,998.3628887694044
18917,998.3628887694044
18918,998.3628887694044
18919,998.3628887694044
18920,998.3628887694044
18921,998.3628887694044
18922,998.3628887694044
18923,998.3628887694044
18924,998.3628887694044
18925,998.3628887694044
18926,998.3628887694044
18927,998.3628887694044
18928,998.3628887694044
18929,998.3628887694044
18930,998.3628887694044
18931,998.3628887694044
18932,998.3628887694044
18933,998.3628887694044
18934,998.3628887694044
18935,998.3628887694044
18936,998.3628887694044
18937,998.3628887694044
18938,998.3628887694044
18939,998.3628887694044
18940,998.3628887694044
18941,998.3628887694044
18942,998.3628887694044
18943,998.3628887694044
18944,998.3628887694044
18945,998.3628887694044
18946,998.3628887694044
18947,998.3628887694044
18948,998.3628887694044
18949,998.3628887694044
18950,998.3628887694044
18951,998.3628887694044
18952,998.3628887694044
18953,998.3628887694044
18954,998.3628887694044
18955,998.3628887694044
18956,998.3628887694044
18957,998.3628887694044
18958,998.3628887694044
18959,998.3628887694044
18960,998.3628887694044
18961,998.3628887694044
18962,998.3628887694044
18963,998.3628887694044
18964,998.3628887694044
18965,998.3628887694044
18966,998.3628887694044
18967,998.3628887694044
18968,998.3628887694044
18969,998.3628887694044
18970,998.3628887694044
18971,998.3628887694044
18972,998.3628887694044
18973,998.3628887694044
18974,998.3628887694044
18975,998.3628887694044
18976,998.3628887694044
18977,998.3628887694044
18978,998.3628887694044
18979,998.3628887694044
18980,998.3628887694044
18981,998.3628887694044
18982,998.3628887694044
18983,998.3628887694044
18984,998.3628887694044
18985,998.3628887694044
18986,998.3628887694044
18987,998.3628887694044
18988,998.3628887694044
18989,998.3628887694044
18990,998.3628887694044
18991,998.3628887694044
18992,998.3628887694044
18993,998.3628887694044
18994,998.3628887694044
18995,998.3628887694044
18996,998.3628887694044
18997,998.3628887694044
18998,998.3628887694044
18999,998.3628887694044
19000,998.3628887694044
19001,998.3628887694044
19002,998.3628887694044
19003,998.3628887694044
19004,998.3628887694044
19005,998.3628887694044
19006,998.3628887694044
19007,998.3628887694044
19008,998.3628887694044
19009,998.3628887694044
19010,998.3628887694044
19011,998.3628887694044
19012,998.3628887694044
19013,998.3628887694044
19014,998.3628887694044
19015,998.3628887694044
19016,998.3628887694044
19017,998.3628887694044
19018,998.3628887694044
19019,998.3628887694044
19020,998.3628887694044
19021,998.3628887694044
19022,998.3628887694044
19023,998.3628887694044
19024,998.3628887694044
19025,998.3628887694044
19026,998.3628887694044
19027,998.3628887694044
19028,998.3628887694044
19029,998.3628887694044
19030,998.3628887694044
19031,998.3628887694044
19032,998.3628887694044
19033,998.3628887694044
19034,998.3628887694044
19035,998.3628887694044
19036,998.3628887694044
19037,998.3628887694044
19038,998.3628887694044
19039,998.3628887694044
19040,998.3628887694044
19041,998.3628887694044
19042,998.3628887694044
19043,998.3628887694044
19044,998.3628887694044
19045,998.3628887694044
19046,998.3628887694044
19047,998.3628887694044
19048,998.3628887694044
19049,998.3628887694044
19050,998.3628887694044
19051,998.3628887694044
19052,998.3628887694044
19053,998.3628887694044
19054,998.3628887694044
19055,998.3628887694044
19056,998.3628887694044
19057,998.3628887694044
19058,998.3628887694044
19059,998.3628887694044
19060,998.3628887694044
19061,998.3628887694044
19062,998.3628887694044
19063,998.3628887694044
19064,998.3628887694044
19065,998.3628887694044
19066,998.3628887694044
19067,998.3628887694044
19068,998.3628887694044
19069,998.3628887694044
19070,998.3628887694044
19071,998.3628887694044
19072,998.3628887694044
19073,998.3628887694044
19074,998.3628887694044
19075,998.3628887694044
19076,998.3628887694044
19077,998.3628887694044
19078,998.3628887694044
19079,998.3628887694044
19080,998.3628887694044
19081,998.3628887694044
19082,998.3628887694044
19083,998.3628887694044
19084,998.3628887694044
19085,998.3628887694044
19086,998.3628887694044
19087,998.3628887694044
19088,998.3628887694044
19089,998.3628887694044
19090,998.3628887694044
19091,998.3628887694044
19092,998.3628887694044
19093,998.3628887694044
19094,998.3628887694044
19095,998.3628887694044
19096,998.3628887694044
19097,998.3628887694044
19098,998.3628887694044
19099,998.3628887694044
19100,998.3628887694044
19101,998.3628887694044
19102,998.3628887694044
19103,998.3628887694044
19104,998.3628887694044
19105,998.3628887694044
19106,998.3628887694044
19107,998.3628887694044
19108,998.3628887694044
19109,998.3628887694044
19110,998.3628887694044
19111,998.3628887694044
19112,998.3628887694044
19113,998.3628887694044
19114,998.3628887694044
19115,998.3628887694044
19116,998.3628887694044
19117,998.3628887694044
19118,998.3628887694044
19119,998.3628887694044
19120,998.3628887694044
19121,998.3628887694044
19122,998.3628887694044
19123,998.3628887694044
19124,998.3628887694044
19125,998.3628887694044
19126,998.3628887694044
19127,998.3628887694044
19128,998.3628887694044
19129,998.3628887694044
19130,998.3628887694044
19131,998.3628887694044
19132,998.3628887694044
19133,998.3628887694044
19134,998.3628887694044
19135,998.3628887694044
19136,998.3628887694044
19137,998.3628887694044
19138,998.3628887694044
19139,998.3628887694044
19140,998.3628887694044
19141,998.3628887694044
19142,998.3628887694044
19143,998.3628887694044
19144,998.3628887694044
19145,998.3628887694044
19146,998.3628887694044
19147,998.3628887694044
19148,998.3628887694044
19149,998.3628887694044
19150,998.3628887694044
19151,998.3628887694044
19152,998.3628887694044
19153,998.3628887694044
19154,998.3628887694044
19155,998.3628887694044
19156,998.3628887694044
19157,998.3628887694044
19158,998.3628887694044
19159,998.3628887694044
19160,998.3628887694044
19161,998.3628887694044
19162,998.3628887694044
19163,998.3628887694044
19164,998.3628887694044
19165,998.3628887694044
19166,998.3628887694044
19167,998.3628887694044
19168,998.3628887694044
19169,998.3628887694044
19170,998.3628887694044
19171,998.3628887694044
19172,998.3628887694044
19173,998.3628887694044
19174,998.3628887694044
19175,998.3628887694044
19176,998.3628887694044
19177,998.3628887694044
19178,998.3628887694044
19179,998.3628887694044
19180,998.3628887694044
19181,998.3628887694044
19182,998.3628887694044
19183,998.3628887694044
19184,998.3628887694044
19185,998.3628887694044
19186,998.3628887694044
19187,998.3628887694044
19188,998.3628887694044
19189,998.3628887694044
19190,998.3628887694044
19191,998.3628887694044
19192,998.3628887694044
19193,998.3628887694044
19194,998.3628887694044
19195,998.3628887694044
19196,998.3628887694044
19197,998.3628887694044
19198,998.3628887694044
19199,998.3628887694044
19200,998.3628887694044
19201,998.3628887694044
19202,998.3628887694044
19203,998.3628887694044
19204,998.3628887694044
19205,998.3628887694044
19206,998.3628887694044
19207,998.3628887694044
19208,998.3628887694044
19209,998.3628887694044
19210,998.3628887694044
19211,998.3628887694044
19212,998.3628887694044
19213,998.3628887694044
19214,998.3628887694044
19215,998.3628887694044
19216,998.3628887694044
19217,998.3628887694044
19218,998.3628887694044
19219,998.3628887694044
19220,998.3628887694044
19221,998.3628887694044
19222,998.3628887694044
19223,998.3628887694044
19224,998.3628887694044
19225,998.3628887694044
19226,998.3628887694044
19227,998.3628887694044
19228,998.3628887694044
19229,998.3628887694044
19230,998.3628887694044
19231,998.3628887694044
19232,998.3628887694044
19233,998.3628887694044
19234,998.3628887694044
19235,998.3628887694044
19236,998.3628887694044
19237,998.3628887694044
19238,998.3628887694044
19239,998.3628887694044
19240,998.3628887694044
19241,998.3628887694044
19242,998.3628887694044
19243,998.3628887694044
19244,998.3628887694044
19245,998.3628887694044
19246,998.3628887694044
19247,998.3628887694044
19248,998.3628887694044
19249,998.3628887694044
19250,998.3628887694044
19251,998.3628887694044
19252,998.3628887694044
19253,998.3628887694044
19254,998.3628887694044
19255,998.3628887694044
19256,998.3628887694044
19257,998.3628887694044
19258,998.3628887694044
19259,998.3628887694044
19260,998.3628887694044
19261,998.3628887694044
19262,998.3628887694044
19263,998.3628887694044
19264,998.3628887694044
19265,998.3628887694044
19266,998.3628887694044
19267,998.3628887694044
19268,998.3628887694044
19269,998.3628887694044
19270,998.3628887694044
19271,998.3628887694044
19272,998.3628887694044
19273,998.3628887694044
19274,998.3628887694044
19275,998.3628887694044
19276,998.3628887694044
19277,998.3628887694044
19278,998.3628887694044
19279,998.3628887694044
19280,998.3628887694044
19281,998.3628887694044
19282,998.3628887694044
19283,998.3628887694044
19284,998.3628887694044
19285,998.3628887694044
19286,998.3628887694044
19287,998.3628887694044
19288,998.3628887694044
19289,998.3628887694044
19290,998.3628887694044
19291,998.3628887694044
19292,998.3628887694044
19293,998.3628887694044
19294,998.3628887694044
19295,998.3628887694044
19296,998.3628887694044
19297,998.3628887694044
19298,998.3628887694044
19299,998.3628887694044
19300,998.3628887694044
19301,998.3628887694044
19302,998.3628887694044
19303,998.3628887694044
19304,998.3628887694044
19305,998.3628887694044
19306,998.3628887694044
19307,998.3628887694044
19308,998.3628887694044
19309,998.3628887694044
19310,998.3628887694044
19311,998.3628887694044
19312,998.3628887694044
19313,998.3628887694044
19314,998.3628887694044
19315,998.3628887694044
19316,998.3628887694044
19317,998.3628887694044
19318,998.3628887694044
19319,998.3628887694044
19320,998.3628887694044
19321,998.3628887694044
19322,998.3628887694044
19323,998.3628887694044
19324,998.3628887694044
19325,998.3628887694044
19326,998.3628887694044
19327,998.3628887694044
19328,998.3628887694044
19329,998.3628887694044
19330,998.3628887694044
19331,998.3628887694044
19332,998.3628887694044
19333,998.3628887694044
19334,998.3628887694044
19335,998.3628887694044
19336,998.3628887694044
19337,998.3628887694044
19338,998.3628887694044
19339,998.3628887694044
19340,998.3628887694044
19341,998.3628887694044
19342,998.3628887694044
19343,998.3628887694044
19344,998.3628887694044
19345,998.3628887694044
19346,998.3628887694044
19347,998.3628887694044
19348,998.3628887694044
19349,998.3628887694044
19350,998.3628887694044
19351,998.3628887694044
19352,998.3628887694044
19353,998.3628887694044
19354,998.3628887694044
19355,998.3628887694044
19356,998.3628887694044
19357,998.3628887694044
19358,998.3628887694044
19359,998.3628887694044
19360,998.3628887694044
19361,998.3628887694044
19362,998.3628887694044
19363,998.3628887694044
19364,998.3628887694044
19365,998.3628887694044
19366,998.3628887694044
19367,998.3628887694044
19368,998.3628887694044
19369,998.3628887694044
19370,998.3628887694044
19371,998.3628887694044
19372,998.3628887694044
19373,998.3628887694044
19374,998.3628887694044
19375,998.3628887694044
19376,998.3628887694044
19377,998.3628887694044
19378,998.3628887694044
19379,998.3628887694044
19380,998.3628887694044
19381,998.3628887694044
19382,998.3628887694044
19383,998.3628887694044
19384,998.3628887694044
19385,998.3628887694044
19386,998.3628887694044
19387,998.3628887694044
19388,998.3628887694044
19389,998.3628887694044
19390,998.3628887694044
19391,998.3628887694044
19392,998.3628887694044
19393,998.3628887694044
19394,998.3628887694044
19395,998.3628887694044
19396,998.3628887694044
19397,998.3628887694044
19398,998.3628887694044
19399,998.3628887694044
19400,998.3628887694044
19401,998.3628887694044
19402,998.3628887694044
19403,998.3628887694044
19404,998.3628887694044
19405,998.3628887694044
19406,998.3628887694044
19407,998.3628887694044
19408,998.3628887694044
19409,998.3628887694044
19410,998.3628887694044
19411,998.3628887694044
19412,998.3628887694044
19413,998.3628887694044
19414,998.3628887694044
19415,998.3628887694044
19416,998.3628887694044
19417,998.3628887694044
19418,998.3628887694044
19419,998.3628887694044
19420,998.3628887694044
19421,998.3628887694044
19422,998.3628887694044
19423,998.3628887694044
19424,998.3628887694044
19425,998.3628887694044
19426,998.3628887694044
19427,998.3628887694044
19428,998.3628887694044
19429,998.3628887694044
19430,998.3628887694044
19431,998.3628887694044
19432,998.3628887694044
19433,998.3628887694044
19434,998.3628887694044
19435,998.3628887694044
19436,998.3628887694044
19437,998.3628887694044
19438,998.3628887694044
19439,998.3628887694044
19440,998.3628887694044
19441,998.3628887694044
19442,998.3628887694044
19443,998.3628887694044
19444,998.3628887694044
19445,998.3628887694044
19446,998.3628887694044
19447,998.3628887694044
19448,998.3628887694044
19449,998.3628887694044
19450,998.3628887694044
19451,998.3628887694044
19452,998.3628887694044
19453,998.3628887694044
19454,998.3628887694044
19455,998.3628887694044
19456,998.3628887694044
19457,998.3628887694044
19458,998.3628887694044
19459,998.3628887694044
19460,998.3628887694044
19461,998.3628887694044
19462,998.3628887694044
19463,998.3628887694044
19464,998.3628887694044
19465,998.3628887694044
19466,998.3628887694044
19467,998.3628887694044
19468,998.3628887694044
19469,998.3628887694044
19470,998.3628887694044
19471,998.3628887694044
19472,998.3628887694044
19473,998.3628887694044
19474,998.3628887694044
19475,998.3628887694044
19476,998.3628887694044
19477,998.3628887694044
19478,998.3628887694044
19479,998.3628887694044
19480,998.3628887694044
19481,998.3628887694044
19482,998.3628887694044
19483,998.3628887694044
19484,998.3628887694044
19485,998.3628887694044
19486,998.3628887694044
19487,998.3628887694044
19488,998.3628887694044
19489,998.3628887694044
19490,998.3628887694044
19491,998.3628887694044
19492,998.3628887694044
19493,998.3628887694044
19494,998.3628887694044
19495,998.3628887694044
19496,998.3628887694044
19497,998.3628887694044
19498,998.3628887694044
19499,998.3628887694044
19500,998.3628887694044
19501,998.3628887694044
19502,998.3628887694044
19503,998.3628887694044
19504,998.3628887694044
19505,998.3628887694044
19506,998.3628887694044
19507,998.3628887694044
19508,998.3628887694044
19509,998.3628887694044
19510,998.3628887694044
19511,998.3628887694044
19512,998.3628887694044
19513,998.3628887694044
19514,998.3628887694044
19515,998.3628887694044
19516,998.3628887694044
19517,998.3628887694044
19518,998.3628887694044
19519,998.3628887694044
19520,998.3628887694044
19521,998.3628887694044
19522,998.3628887694044
19523,998.3628887694044
19524,998.3628887694044
19525,998.3628887694044
19526,998.3628887694044
19527,998.3628887694044
19528,998.3628887694044
19529,998.3628887694044
19530,998.3628887694044
19531,998.3628887694044
19532,998.3628887694044
19533,998.3628887694044
19534,998.3628887694044
19535,998.3628887694044
19536,998.3628887694044
19537,998.3628887694044
19538,998.3628887694044
19539,998.3628887694044
19540,998.3628887694044
19541,998.3628887694044
19542,998.3628887694044
19543,998.3628887694044
19544,998.3628887694044
19545,998.3628887694044
19546,998.3628887694044
19547,998.3628887694044
19548,998.3628887694044
19549,998.3628887694044
19550,998.3628887694044
19551,998.3628887694044
19552,998.3628887694044
19553,998.3628887694044
19554,998.3628887694044
19555,998.3628887694044
19556,998.3628887694044
19557,998.3628887694044
19558,998.3628887694044
19559,998.3628887694044
19560,998.3628887694044
19561,998.3628887694044
19562,998.3628887694044
19563,998.3628887694044
19564,998.3628887694044
19565,998.3628887694044
19566,998.3628887694044
19567,998.3628887694044
19568,998.3628887694044
19569,998.3628887694044
19570,998.3628887694044
19571,998.3628887694044
19572,998.3628887694044
19573,998.3628887694044
19574,998.3628887694044
19575,998.3628887694044
19576,998.3628887694044
19577,998.3628887694044
19578,998.3628887694044
19579,998.3628887694044
19580,998.3628887694044
19581,998.3628887694044
19582,998.3628887694044
19583,998.3628887694044
19584,998.3628887694044
19585,998.3628887694044
19586,998.3628887694044
19587,998.3628887694044
19588,998.3628887694044
19589,998.3628887694044
19590,998.3628887694044
19591,998.3628887694044
19592,998.3628887694044
19593,998.3628887694044
19594,998.3628887694044
19595,998.3628887694044
19596,998.3628887694044
19597,998.3628887694044
19598,998.3628887694044
19599,998.3628887694044
19600,998.3628887694044
19601,998.3628887694044
19602,998.3628887694044
19603,998.3628887694044
19604,998.3628887694044
19605,998.3628887694044
19606,998.3628887694044
19607,998.3628887694044
19608,998.3628887694044
19609,998.3628887694044
19610,998.3628887694044
19611,998.3628887694044
19612,998.3628887694044
19613,998.3628887694044
19614,998.3628887694044
19615,998.3628887694044
19616,998.3628887694044
19617,998.3628887694044
19618,998.3628887694044
19619,998.3628887694044
19620,998.3628887694044
19621,998.3628887694044
19622,998.3628887694044
19623,998.3628887694044
19624,998.3628887694044
19625,998.3628887694044
19626,998.3628887694044
19627,998.3628887694044
19628,998.3628887694044
19629,998.3628887694044
19630,998.3628887694044
19631,998.3628887694044
19632,998.3628887694044
19633,998.3628887694044
19634,998.3628887694044
19635,998.3628887694044
19636,998.3628887694044
19637,998.3628887694044
19638,998.3628887694044
19639,998.3628887694044
19640,998.3628887694044
19641,998.3628887694044
19642,998.3628887694044
19643,998.3628887694044
19644,998.3628887694044
19645,998.3628887694044
19646,998.3628887694044
19647,998.3628887694044
19648,998.3628887694044
19649,998.3628887694044
19650,998.3628887694044
19651,998.3628887694044
19652,998.3628887694044
19653,998.3628887694044
19654,998.3628887694044
19655,998.3628887694044
19656,998.3628887694044
19657,998.3628887694044
19658,998.3628887694044
19659,998.3628887694044
19660,998.3628887694044
19661,998.3628887694044
19662,998.3628887694044
19663,998.3628887694044
19664,998.3628887694044
19665,998.3628887694044
19666,998.3628887694044
19667,998.3628887694044
19668,998.3628887694044
19669,998.3628887694044
19670,998.3628887694044
19671,998.3628887694044
19672,998.3628887694044
19673,998.3628887694044
19674,998.3628887694044
19675,998.3628887694044
19676,998.3628887694044
19677,998.3628887694044
19678,998.3628887694044
19679,998.3628887694044
19680,998.3628887694044
19681,998.3628887694044
19682,998.3628887694044
19683,998.3628887694044
19684,998.3628887694044
19685,998.3628887694044
19686,998.3628887694044
19687,998.3628887694044
19688,998.3628887694044
19689,998.3628887694044
19690,998.3628887694044
19691,998.3628887694044
19692,998.3628887694044
19693,998.3628887694044
19694,998.3628887694044
19695,998.3628887694044
19696,998.3628887694044
19697,998.3628887694044
19698,998.3628887694044
19699,998.3628887694044
19700,998.3628887694044
19701,998.3628887694044
19702,998.3628887694044
19703,998.3628887694044
19704,998.3628887694044
19705,998.3628887694044
19706,998.3628887694044
19707,998.3628887694044
19708,998.3628887694044
19709,998.3628887694044
19710,998.3628887694044
19711,998.3628887694044
19712,998.3628887694044
19713,998.3628887694044
19714,998.3628887694044
19715,998.3628887694044
19716,998.3628887694044
19717,998.3628887694044
19718,998.3628887694044
19719,998.3628887694044
19720,998.3628887694044
19721,998.3628887694044
19722,998.3628887694044
19723,998.3628887694044
19724,998.3628887694044
19725,998.3628887694044
19726,998.3628887694044
19727,998.3628887694044
19728,998.3628887694044
19729,998.3628887694044
19730,998.3628887694044
19731,998.3628887694044
19732,998.3628887694044
19733,998.3628887694044
19734,998.3628887694044
19735,998.3628887694044
19736,998.3628887694044
19737,998.3628887694044
19738,998.3628887694044
19739,998.3628887694044
19740,998.3628887694044
19741,998.3628887694044
19742,998.3628887694044
19743,998.3628887694044
19744,998.3628887694044
19745,998.3628887694044
19746,998.3628887694044
19747,998.3628887694044
19748,998.3628887694044
19749,998.3628887694044
19750,998.3628887694044
19751,998.3628887694044
19752,998.3628887694044
19753,998.3628887694044
19754,998.3628887694044
19755,998.3628887694044
19756,998.3628887694044
19757,998.3628887694044
19758,998.3628887694044
19759,998.3628887694044
19760,998.3628887694044
19761,998.3628887694044
19762,998.3628887694044
19763,998.3628887694044
19764,998.3628887694044
19765,998.3628887694044
19766,998.3628887694044
19767,998.3628887694044
19768,998.3628887694044
19769,998.3628887694044
19770,998.3628887694044
19771,998.3628887694044
19772,998.3628887694044
19773,998.3628887694044
19774,998.3628887694044
19775,998.3628887694044
19776,998.3628887694044
19777,998.3628887694044
19778,998.3628887694044
19779,998.3628887694044
19780,998.3628887694044
19781,998.3628887694044
19782,998.3628887694044
19783,998.3628887694044
19784,998.3628887694044
19785,998.3628887694044
19786,998.3628887694044
19787,998.3628887694044
19788,998.3628887694044
19789,998.3628887694044
19790,998.3628887694044
19791,998.3628887694044
19792,998.3628887694044
19793,998.3628887694044
19794,998.3628887694044
19795,998.3628887694044
19796,998.3628887694044
19797,998.3628887694044
19798,998.3628887694044
19799,998.3628887694044
19800,998.3628887694044
19801,998.3628887694044
19802,998.3628887694044
19803,998.3628887694044
19804,998.3628887694044
19805,998.3628887694044
19806,998.3628887694044
19807,998.3628887694044
19808,998.3628887694044
19809,998.3628887694044
19810,998.3628887694044
19811,998.3628887694044
19812,998.3628887694044
19813,998.3628887694044
19814,998.3628887694044
19815,998.3628887694044
19816,998.3628887694044
19817,998.3628887694044
19818,998.3628887694044
19819,998.3628887694044
19820,998.3628887694044
19821,998.3628887694044
19822,998.3628887694044
19823,998.3628887694044
19824,998.3628887694044
19825,998.3628887694044
19826,998.3628887694044
19827,998.3628887694044
19828,998.3628887694044
19829,998.3628887694044
19830,998.3628887694044
19831,998.3628887694044
19832,998.3628887694044
19833,998.3628887694044
19834,998.3628887694044
19835,998.3628887694044
19836,998.3628887694044
19837,998.3628887694044
19838,998.3628887694044
19839,998.3628887694044
19840,998.3628887694044
19841,998.3628887694044
19842,998.3628887694044
19843,998.3628887694044
19844,998.3628887694044
19845,998.3628887694044
19846,998.3628887694044
19847,998.3628887694044
19848,998.3628887694044
19849,998.3628887694044
19850,998.3628887694044
19851,998.3628887694044
19852,998.3628887694044
19853,998.3628887694044
19854,998.3628887694044
19855,998.3628887694044
19856,998.3628887694044
19857,998.3628887694044
19858,998.3628887694044
19859,998.3628887694044
19860,998.3628887694044
19861,998.3628887694044
19862,998.3628887694044
19863,998.3628887694044
19864,998.3628887694044
19865,998.3628887694044
19866,998.3628887694044
19867,998.3628887694044
19868,998.3628887694044
19869,998.3628887694044
19870,998.3628887694044
19871,998.3628887694044
19872,998.3628887694044
19873,998.3628887694044
19874,998.3628887694044
19875,998.3628887694044
19876,998.3628887694044
19877,998.3628887694044
19878,998.3628887694044
19879,998.3628887694044
19880,998.3628887694044
19881,998.3628887694044
19882,998.3628887694044
19883,998.3628887694044
19884,998.3628887694044
19885,998.3628887694044
19886,998.3628887694044
19887,998.3628887694044
19888,998.3628887694044
19889,998.3628887694044
19890,998.3628887694044
19891,998.3628887694044
19892,998.3628887694044
19893,998.3628887694044
19894,998.3628887694044
19895,998.3628887694044
19896,998.3628887694044
19897,998.3628887694044
19898,998.3628887694044
19899,998.3628887694044
19900,998.3628887694044
19901,998.3628887694044
19902,998.3628887694044
19903,998.3628887694044
19904,998.3628887694044
19905,998.3628887694044
19906,998.3628887694044
19907,998.3628887694044
19908,998.3628887694044
19909,998.3628887694044
19910,998.3628887694044
19911,998.3628887694044
19912,998.3628887694044
19913,998.3628887694044
19914,998.3628887694044
19915,998.3628887694044
19916,998.3628887694044
19917,998.3628887694044
19918,998.3628887694044
19919,998.3628887694044
19920,998.3628887694044
19921,998.3628887694044
19922,998.3628887694044
19923,998.3628887694044
19924,998.3628887694044
19925,998.3628887694044
19926,998.3628887694044
19927,998.3628887694044
19928,998.3628887694044
19929,998.3628887694044
19930,998.3628887694044
19931,998.3628887694044
19932,998.3628887694044
19933,998.3628887694044
19934,998.3628887694044
19935,998.3628887694044
19936,998.3628887694044
19937,998.3628887694044
19938,998.3628887694044
19939,998.3628887694044
19940,998.3628887694044
19941,998.3628887694044
19942,998.3628887694044
19943,998.3628887694044
19944,998.3628887694044
19945,998.3628887694044
19946,998.3628887694044
19947,998.3628887694044
19948,998.3628887694044
19949,998.3628887694044
19950,998.3628887694044
19951,998.3628887694044
19952,998.3628887694044
19953,998.3628887694044
19954,998.3628887694044
19955,998.3628887694044
19956,998.3628887694044
19957,998.3628887694044
19958,998.3628887694044
19959,998.3628887694044
19960,998.3628887694044
19961,998.3628887694044
19962,998.3628887694044
19963,998.3628887694044
19964,998.3628887694044
19965,998.3628887694044
19966,998.3628887694044
19967,998.3628887694044
19968,998.3628887694044
19969,998.3628887694044
19970,998.3628887694044
19971,998.3628887694044
19972,998.3628887694044
19973,998.3628887694044
19974,998.3628887694044
19975,998.3628887694044
19976,998.3628887694044
19977,998.3628887694044
19978,998.3628887694044
19979,998.3628887694044
19980,998.3628887694044
19981,998.3628887694044
19982,998.3628887694044
19983,998.3628887694044
19984,998.3628887694044
19985,998.3628887694044
19986,998.3628887694044
19987,998.3628887694044
19988,998.3628887694044
19989,998.3628887694044
19990,998.3628887694044
19991,998.3628887694044
19992,998.3628887694044
19993,998.3628887694044
19994,998.3628887694044
19995,998.3628887694044
19996,998.3628887694044
19997,998.3628887694044
19998,998.3628887694044
19999,998.3628887694044
20000,998.3628887694044
20001,998.3628887694044
20002,998.3628887694044
20003,998.3628887694044
20004,998.3628887694044
20005,998.3628887694044
20006,998.3628887694044
20007,998.3628887694044
20008,998.3628887694044
20009,998.3628887694044
20010,998.3628887694044
20011,998.3628887694044
20012,998.3628887694044
20013,998.3628887694044
20014,998.3628887694044
20015,998.3628887694044
20016,998.3628887694044
20017,998.3628887694044
20018,998.3628887694044
20019,998.3628887694044
20020,998.3628887694044
20021,998.3628887694044
20022,998.3628887694044
20023,998.3628887694044
20024,998.3628887694044
20025,998.3628887694044
20026,998.3628887694044
20027,998.3628887694044
20028,998.3628887694044
20029,998.3628887694044
20030,998.3628887694044
20031,998.3628887694044
20032,998.3628887694044
20033,998.3628887694044
20034,998.3628887694044
20035,998.3628887694044
20036,998.3628887694044
20037,998.3628887694044
20038,998.3628887694044
20039,998.3628887694044
20040,998.3628887694044
20041,998.3628887694044
20042,998.3628887694044
20043,998.3628887694044
20044,998.3628887694044
20045,998.3628887694044
20046,998.3628887694044
20047,998.3628887694044
20048,998.3628887694044
20049,998.3628887694044
20050,998.3628887694044
20051,998.3628887694044
20052,998.3628887694044
20053,998.3628887694044
20054,998.3628887694044
20055,998.3628887694044
20056,998.3628887694044
20057,998.3628887694044
20058,998.3628887694044
20059,998.3628887694044
20060,998.3628887694044
20061,998.3628887694044
20062,998.3628887694044
20063,998.3628887694044
20064,998.3628887694044
20065,998.3628887694044
20066,998.3628887694044
20067,998.3628887694044
20068,998.3628887694044
20069,998.3628887694044
20070,998.3628887694044
20071,998.3628887694044
20072,998.3628887694044
20073,998.3628887694044
20074,998.3628887694044
20075,998.3628887694044
20076,998.3628887694044
20077,998.3628887694044
20078,998.3628887694044
20079,998.3628887694044
20080,998.3628887694044
20081,998.3628887694044
20082,998.3628887694044
20083,998.3628887694044
20084,998.3628887694044
20085,998.3628887694044
20086,998.3628887694044
20087,998.3628887694044
20088,998.3628887694044
20089,998.3628887694044
20090,998.3628887694044
20091,998.3628887694044
20092,998.3628887694044
20093,998.3628887694044
20094,998.3628887694044
20095,998.3628887694044
20096,998.3628887694044
20097,998.3628887694044
20098,998.3628887694044
20099,998.3628887694044
20100,998.3628887694044
20101,998.3628887694044
20102,998.3628887694044
20103,998.3628887694044
20104,998.3628887694044
20105,998.3628887694044
20106,998.3628887694044
20107,998.3628887694044
20108,998.3628887694044
20109,998.3628887694044
20110,998.3628887694044
20111,998.3628887694044
20112,998.3628887694044
20113,998.3628887694044
20114,998.3628887694044
20115,998.3628887694044
20116,998.3628887694044
20117,998.3628887694044
20118,998.3628887694044
20119,998.3628887694044
20120,998.3628887694044
20121,998.3628887694044
20122,998.3628887694044
20123,998.3628887694044
20124,998.3628887694044
20125,998.3628887694044
20126,998.3628887694044
20127,998.3628887694044
20128,998.3628887694044
20129,998.3628887694044
20130,998.3628887694044
20131,998.3628887694044
20132,998.3628887694044
20133,998.3628887694044
20134,998.3628887694044
20135,998.3628887694044
20136,998.3628887694044
20137,998.3628887694044
20138,998.3628887694044
20139,998.3628887694044
20140,998.3628887694044
20141,998.3628887694044
20142,998.3628887694044
20143,998.3628887694044
20144,998.3628887694044
20145,998.3628887694044
20146,998.3628887694044
20147,998.3628887694044
20148,998.3628887694044
20149,998.3628887694044
20150,998.3628887694044
20151,998.3628887694044
20152,998.3628887694044
20153,998.3628887694044
20154,998.3628887694044
20155,998.3628887694044
20156,998.3628887694044
20157,998.3628887694044
20158,998.3628887694044
20159,998.3628887694044
20160,998.3628887694044
20161,998.3628887694044
20162,998.3628887694044
20163,998.3628887694044
20164,998.3628887694044
20165,998.3628887694044
20166,998.3628887694044
20167,998.3628887694044
20168,998.3628887694044
20169,998.3628887694044
20170,998.3628887694044
20171,998.3628887694044
20172,998.3628887694044
20173,998.3628887694044
20174,998.3628887694044
20175,998.3628887694044
20176,998.3628887694044
20177,998.3628887694044
20178,998.3628887694044
20179,998.3628887694044
20180,998.3628887694044
20181,998.3628887694044
20182,998.3628887694044
20183,998.3628887694044
20184,998.3628887694044
20185,998.3628887694044
20186,998.3628887694044
20187,998.3628887694044
20188,998.3628887694044
20189,998.3628887694044
20190,998.3628887694044
20191,998.3628887694044
20192,998.3628887694044
20193,998.3628887694044
20194,998.3628887694044
20195,998.3628887694044
20196,998.3628887694044
20197,998.3628887694044
20198,998.3628887694044
20199,998.3628887694044
20200,998.3628887694044
20201,998.3628887694044
20202,998.3628887694044
20203,998.3628887694044
20204,998.3628887694044
20205,998.3628887694044
20206,998.3628887694044
20207,998.3628887694044
20208,998.3628887694044
20209,998.3628887694044
20210,998.3628887694044
20211,998.3628887694044
20212,998.3628887694044
20213,998.3628887694044
20214,998.3628887694044
20215,998.3628887694044
20216,998.3628887694044
20217,998.3628887694044
20218,998.3628887694044
20219,998.3628887694044
20220,998.3628887694044
20221,998.3628887694044
20222,998.3628887694044
20223,998.3628887694044
20224,998.3628887694044
20225,998.3628887694044
20226,998.3628887694044
20227,998.3628887694044
20228,998.3628887694044
20229,998.3628887694044
20230,998.3628887694044
20231,998.3628887694044
20232,998.3628887694044
20233,998.3628887694044
20234,998.3628887694044
20235,998.3628887694044
20236,998.3628887694044
20237,998.3628887694044
20238,998.3628887694044
20239,998.3628887694044
20240,998.3628887694044
20241,998.3628887694044
20242,998.3628887694044
20243,998.3628887694044
20244,998.3628887694044
20245,998.3628887694044
20246,998.3628887694044
20247,998.3628887694044
20248,998.3628887694044
20249,998.3628887694044
20250,998.3628887694044
20251,998.3628887694044
20252,998.3628887694044
20253,998.3628887694044
20254,998.3628887694044
20255,998.3628887694044
20256,998.3628887694044
20257,998.3628887694044
20258,998.3628887694044
20259,998.3628887694044
20260,998.3628887694044
20261,998.3628887694044
20262,998.3628887694044
20263,998.3628887694044
20264,998.3628887694044
20265,998.3628887694044
20266,998.3628887694044
20267,998.3628887694044
20268,998.3628887694044
20269,998.3628887694044
20270,998.3628887694044
20271,998.3628887694044
20272,998.3628887694044
20273,998.3628887694044
20274,998.3628887694044
20275,998.3628887694044
20276,998.3628887694044
20277,998.3628887694044
20278,998.3628887694044
20279,998.3628887694044
20280,998.3628887694044
20281,998.3628887694044
20282,998.3628887694044
20283,998.3628887694044
20284,998.3628887694044
20285,998.3628887694044
20286,998.3628887694044
20287,998.3628887694044
20288,998.3628887694044
20289,998.3628887694044
20290,998.3628887694044
20291,998.3628887694044
20292,998.3628887694044
20293,998.3628887694044
20294,998.3628887694044
20295,998.3628887694044
20296,998.3628887694044
20297,998.3628887694044
20298,998.3628887694044
20299,998.3628887694044
20300,998.3628887694044
20301,998.3628887694044
20302,998.3628887694044
20303,998.3628887694044
20304,998.3628887694044
20305,998.3628887694044
20306,998.3628887694044
20307,998.3628887694044
20308,998.3628887694044
20309,998.3628887694044
20310,998.3628887694044
20311,998.3628887694044
20312,998.3628887694044
20313,998.3628887694044
20314,998.3628887694044
20315,998.3628887694044
20316,998.3628887694044
20317,998.3628887694044
20318,998.3628887694044
20319,998.3628887694044
20320,998.3628887694044
20321,998.3628887694044
20322,998.3628887694044
20323,998.3628887694044
20324,998.3628887694044
20325,998.3628887694044
20326,998.3628887694044
20327,998.3628887694044
20328,998.3628887694044
20329,998.3628887694044
20330,998.3628887694044
20331,998.3628887694044
20332,998.3628887694044
20333,998.3628887694044
20334,998.3628887694044
20335,998.3628887694044
20336,998.3628887694044
20337,998.3628887694044
20338,998.3628887694044
20339,998.3628887694044
20340,998.3628887694044
20341,998.3628887694044
20342,998.3628887694044
20343,998.3628887694044
20344,998.3628887694044
20345,998.3628887694044
20346,998.3628887694044
20347,998.3628887694044
20348,998.3628887694044
20349,998.3628887694044
20350,998.3628887694044
20351,998.3628887694044
20352,998.3628887694044
20353,998.3628887694044
20354,998.3628887694044
20355,998.3628887694044
20356,998.3628887694044
20357,998.3628887694044
20358,998.3628887694044
20359,998.3628887694044
20360,998.3628887694044
20361,998.3628887694044
20362,998.3628887694044
20363,998.3628887694044
20364,998.3628887694044
20365,998.3628887694044
20366,998.3628887694044
20367,998.3628887694044
20368,998.3628887694044
20369,998.3628887694044
20370,998.3628887694044
20371,998.3628887694044
20372,998.3628887694044
20373,998.3628887694044
20374,998.3628887694044
20375,998.3628887694044
20376,998.3628887694044
20377,998.3628887694044
20378,998.3628887694044
20379,998.3628887694044
20380,998.3628887694044
20381,998.3628887694044
20382,998.3628887694044
20383,998.3628887694044
20384,998.3628887694044
20385,998.3628887694044
20386,998.3628887694044
20387,998.3628887694044
20388,998.3628887694044
20389,998.3628887694044
20390,998.3628887694044
20391,998.3628887694044
20392,998.3628887694044
20393,998.3628887694044
20394,998.3628887694044
20395,998.3628887694044
20396,998.3628887694044
20397,998.3628887694044
20398,998.3628887694044
20399,998.3628887694044
20400,998.3628887694044
20401,998.3628887694044
20402,998.3628887694044
20403,998.3628887694044
20404,998.3628887694044
20405,998.3628887694044
20406,998.3628887694044
20407,998.3628887694044
20408,998.3628887694044
20409,998.3628887694044
20410,998.3628887694044
20411,998.3628887694044
20412,998.3628887694044
20413,998.3628887694044
20414,998.3628887694044
20415,998.3628887694044
20416,998.3628887694044
20417,998.3628887694044
20418,998.3628887694044
20419,998.3628887694044
20420,998.3628887694044
20421,998.3628887694044
20422,998.3628887694044
20423,998.3628887694044
20424,998.3628887694044
20425,998.3628887694044
20426,998.3628887694044
20427,998.3628887694044
20428,998.3628887694044
20429,998.3628887694044
20430,998.3628887694044
20431,998.3628887694044
20432,998.3628887694044
20433,998.3628887694044
20434,998.3628887694044
20435,998.3628887694044
20436,998.3628887694044
20437,998.3628887694044
20438,998.3628887694044
20439,998.3628887694044
20440,998.3628887694044
20441,998.3628887694044
20442,998.3628887694044
20443,998.3628887694044
20444,998.3628887694044
20445,998.3628887694044
20446,998.3628887694044
20447,998.3628887694044
20448,998.3628887694044
20449,998.3628887694044
20450,998.3628887694044
20451,998.3628887694044
20452,998.3628887694044
20453,998.3628887694044
20454,998.3628887694044
20455,998.3628887694044
20456,998.3628887694044
20457,998.3628887694044
20458,998.3628887694044
20459,998.3628887694044
20460,998.3628887694044
20461,998.3628887694044
20462,998.3628887694044
20463,998.3628887694044
20464,998.3628887694044
20465,998.3628887694044
20466,998.3628887694044
20467,998.3628887694044
20468,998.3628887694044
20469,998.3628887694044
20470,998.3628887694044
20471,998.3628887694044
20472,998.3628887694044
20473,998.3628887694044
20474,998.3628887694044
20475,998.3628887694044
20476,998.3628887694044
20477,998.3628887694044
20478,998.3628887694044
20479,998.3628887694044
20480,998.3628887694044
20481,998.3628887694044
20482,998.3628887694044
20483,998.3628887694044
20484,998.3628887694044
20485,998.3628887694044
20486,998.3628887694044
20487,998.3628887694044
20488,998.3628887694044
20489,998.3628887694044
20490,998.3628887694044
20491,998.3628887694044
20492,998.3628887694044
20493,998.3628887694044
20494,998.3628887694044
20495,998.3628887694044
20496,998.3628887694044
20497,998.3628887694044
20498,998.3628887694044
20499,998.3628887694044
20500,998.3628887694044
20501,998.3628887694044
20502,998.3628887694044
20503,998.3628887694044
20504,998.3628887694044
20505,998.3628887694044
20506,998.3628887694044
20507,998.3628887694044
20508,998.3628887694044
20509,998.3628887694044
20510,998.3628887694044
20511,998.3628887694044
20512,998.3628887694044
20513,998.3628887694044
20514,998.3628887694044
20515,998.3628887694044
20516,998.3628887694044
20517,998.3628887694044
20518,998.3628887694044
20519,998.3628887694044
20520,998.3628887694044
20521,998.3628887694044
20522,998.3628887694044
20523,998.3628887694044
20524,998.3628887694044
20525,998.3628887694044
20526,998.3628887694044
20527,998.3628887694044
20528,998.3628887694044
20529,998.3628887694044
20530,998.3628887694044
20531,998.3628887694044
20532,998.3628887694044
20533,998.3628887694044
20534,998.3628887694044
20535,998.3628887694044
20536,998.3628887694044
20537,998.3628887694044
20538,998.3628887694044
20539,998.3628887694044
20540,998.3628887694044
20541,998.3628887694044
20542,998.3628887694044
20543,998.3628887694044
20544,998.3628887694044
20545,998.3628887694044
20546,998.3628887694044
20547,998.3628887694044
20548,998.3628887694044
20549,998.3628887694044
20550,998.3628887694044
20551,998.3628887694044
20552,998.3628887694044
20553,998.3628887694044
20554,998.3628887694044
20555,998.3628887694044
20556,998.3628887694044
20557,998.3628887694044
20558,998.3628887694044
20559,998.3628887694044
20560,998.3628887694044
20561,998.3628887694044
20562,998.3628887694044
20563,998.3628887694044
20564,998.3628887694044
20565,998.3628887694044
20566,998.3628887694044
20567,998.3628887694044
20568,998.3628887694044
20569,998.3628887694044
20570,998.3628887694044
20571,998.3628887694044
20572,998.3628887694044
20573,998.3628887694044
20574,998.3628887694044
20575,998.3628887694044
20576,998.3628887694044
20577,998.3628887694044
20578,998.3628887694044
20579,998.3628887694044
20580,998.3628887694044
20581,998.3628887694044
20582,998.3628887694044
20583,998.3628887694044
20584,998.3628887694044
20585,998.3628887694044
20586,998.3628887694044
20587,998.3628887694044
20588,998.3628887694044
20589,998.3628887694044
20590,998.3628887694044
20591,998.3628887694044
20592,998.3628887694044
20593,998.3628887694044
20594,998.3628887694044
20595,998.3628887694044
20596,998.3628887694044
20597,998.3628887694044
20598,998.3628887694044
20599,998.3628887694044
20600,998.3628887694044
20601,998.3628887694044
20602,998.3628887694044
20603,998.3628887694044
20604,998.3628887694044
20605,998.3628887694044
20606,998.3628887694044
20607,998.3628887694044
20608,998.3628887694044
20609,998.3628887694044
20610,998.3628887694044
20611,998.3628887694044
20612,998.3628887694044
20613,998.3628887694044
20614,998.3628887694044
20615,998.3628887694044
20616,998.3628887694044
20617,998.3628887694044
20618,998.3628887694044
20619,998.3628887694044
20620,998.3628887694044
20621,998.3628887694044
20622,998.3628887694044
20623,998.3628887694044
20624,998.3628887694044
20625,998.3628887694044
20626,998.3628887694044
20627,998.3628887694044
20628,998.3628887694044
20629,998.3628887694044
20630,998.3628887694044
20631,998.3628887694044
20632,998.3628887694044
20633,998.3628887694044
20634,998.3628887694044
20635,998.3628887694044
20636,998.3628887694044
20637,998.3628887694044
20638,998.3628887694044
20639,998.3628887694044
20640,998.3628887694044
20641,998.3628887694044
20642,998.3628887694044
20643,998.3628887694044
20644,998.3628887694044
20645,998.3628887694044
20646,998.3628887694044
20647,998.3628887694044
20648,998.3628887694044
20649,998.3628887694044
20650,998.3628887694044
20651,998.3628887694044
20652,998.3628887694044
20653,998.3628887694044
20654,998.3628887694044
20655,998.3628887694044
20656,998.3628887694044
20657,998.3628887694044
20658,998.3628887694044
20659,998.3628887694044
20660,998.3628887694044
20661,998.3628887694044
20662,998.3628887694044
20663,998.3628887694044
20664,998.3628887694044
20665,998.3628887694044
20666,998.3628887694044
20667,998.3628887694044
20668,998.3628887694044
20669,998.3628887694044
20670,998.3628887694044
20671,998.3628887694044
20672,998.3628887694044
20673,998.3628887694044
20674,998.3628887694044
20675,998.3628887694044
20676,998.3628887694044
20677,998.3628887694044
20678,998.3628887694044
20679,998.3628887694044
20680,998.3628887694044
20681,998.3628887694044
20682,998.3628887694044
20683,998.3628887694044
20684,998.3628887694044
20685,998.3628887694044
20686,998.3628887694044
20687,998.3628887694044
20688,998.3628887694044
20689,998.3628887694044
20690,998.3628887694044
20691,998.3628887694044
20692,998.3628887694044
20693,998.3628887694044
20694,998.3628887694044
20695,998.3628887694044
20696,998.3628887694044
20697,998.3628887694044
20698,998.3628887694044
20699,998.3628887694044
20700,998.3628887694044
20701,998.3628887694044
20702,998.3628887694044
20703,998.3628887694044
20704,998.3628887694044
20705,998.3628887694044
20706,998.3628887694044
20707,998.3628887694044
20708,998.3628887694044
20709,998.3628887694044
20710,998.3628887694044
20711,998.3628887694044
20712,998.3628887694044
20713,998.3628887694044
20714,998.3628887694044
20715,998.3628887694044
20716,998.3628887694044
20717,998.3628887694044
20718,998.3628887694044
20719,998.3628887694044
20720,998.3628887694044
20721,998.3628887694044
20722,998.3628887694044
20723,998.3628887694044
20724,998.3628887694044
20725,998.3628887694044
20726,998.3628887694044
20727,998.3628887694044
20728,998.3628887694044
20729,998.3628887694044
20730,998.3628887694044
20731,998.3628887694044
20732,998.3628887694044
20733,998.3628887694044
20734,998.3628887694044
20735,998.3628887694044
20736,998.3628887694044
20737,998.3628887694044
20738,998.3628887694044
20739,998.3628887694044
20740,998.3628887694044
20741,998.3628887694044
20742,998.3628887694044
20743,998.3628887694044
20744,998.3628887694044
20745,998.3628887694044
20746,998.3628887694044
20747,998.3628887694044
20748,998.3628887694044
20749,998.3628887694044
20750,998.3628887694044
20751,998.3628887694044
20752,998.3628887694044
20753,998.3628887694044
20754,998.3628887694044
20755,998.3628887694044
20756,998.3628887694044
20757,998.3628887694044
20758,998.3628887694044
20759,998.3628887694044
20760,998.3628887694044
20761,998.3628887694044
20762,998.3628887694044
20763,998.3628887694044
20764,998.3628887694044
20765,998.3628887694044
20766,998.3628887694044
20767,998.3628887694044
20768,998.3628887694044
20769,998.3628887694044
20770,998.3628887694044
20771,998.3628887694044
20772,998.3628887694044
20773,998.3628887694044
20774,998.3628887694044
20775,998.3628887694044
20776,998.3628887694044
20777,998.3628887694044
20778,998.3628887694044
20779,998.3628887694044
20780,998.3628887694044
20781,998.3628887694044
20782,998.3628887694044
20783,998.3628887694044
20784,998.3628887694044
20785,998.3628887694044
20786,998.3628887694044
20787,998.3628887694044
20788,998.3628887694044
20789,998.3628887694044
20790,998.3628887694044
20791,998.3628887694044
20792,998.3628887694044
20793,998.3628887694044
20794,998.3628887694044
20795,998.3628887694044
20796,998.3628887694044
20797,998.3628887694044
20798,998.3628887694044
20799,998.3628887694044
20800,998.3628887694044
20801,998.3628887694044
20802,998.3628887694044
20803,998.3628887694044
20804,998.3628887694044
20805,998.3628887694044
20806,998.3628887694044
20807,998.3628887694044
20808,998.3628887694044
20809,998.3628887694044
20810,998.3628887694044
20811,998.3628887694044
20812,998.3628887694044
20813,998.3628887694044
20814,998.3628887694044
20815,998.3628887694044
20816,998.3628887694044
20817,998.3628887694044
20818,998.3628887694044
20819,998.3628887694044
20820,998.3628887694044
20821,998.3628887694044
20822,998.3628887694044
20823,998.3628887694044
20824,998.3628887694044
20825,998.3628887694044
20826,998.3628887694044
20827,998.3628887694044
20828,998.3628887694044
20829,998.3628887694044
20830,998.3628887694044
20831,998.3628887694044
20832,998.3628887694044
20833,998.3628887694044
20834,998.3628887694044
20835,998.3628887694044
20836,998.3628887694044
20837,998.3628887694044
20838,998.3628887694044
20839,998.3628887694044
20840,998.3628887694044
20841,998.3628887694044
20842,998.3628887694044
20843,998.3628887694044
20844,998.3628887694044
20845,998.3628887694044
20846,998.3628887694044
20847,998.3628887694044
20848,998.3628887694044
20849,998.3628887694044
20850,998.3628887694044
20851,998.3628887694044
20852,998.3628887694044
20853,998.3628887694044
20854,998.3628887694044
20855,998.3628887694044
20856,998.3628887694044
20857,998.3628887694044
20858,998.3628887694044
20859,998.3628887694044
20860,998.3628887694044
20861,998.3628887694044
20862,998.3628887694044
20863,998.3628887694044
20864,998.3628887694044
20865,998.3628887694044
20866,998.3628887694044
20867,998.3628887694044
20868,998.3628887694044
20869,998.3628887694044
20870,998.3628887694044
20871,998.3628887694044
20872,998.3628887694044
20873,998.3628887694044
20874,998.3628887694044
20875,998.3628887694044
20876,998.3628887694044
20877,998.3628887694044
20878,998.3628887694044
20879,998.3628887694044
20880,998.3628887694044
20881,998.3628887694044
20882,998.3628887694044
20883,998.3628887694044
20884,998.3628887694044
20885,998.3628887694044
20886,998.3628887694044
20887,998.3628887694044
20888,998.3628887694044
20889,998.3628887694044
20890,998.3628887694044
20891,998.3628887694044
20892,998.3628887694044
20893,998.3628887694044
20894,998.3628887694044
20895,998.3628887694044
20896,998.3628887694044
20897,998.3628887694044
20898,998.3628887694044
20899,998.3628887694044
20900,998.3628887694044
20901,998.3628887694044
20902,998.3628887694044
20903,998.3628887694044
20904,998.3628887694044
20905,998.3628887694044
20906,998.3628887694044
20907,998.3628887694044
20908,998.3628887694044
20909,998.3628887694044
20910,998.3628887694044
20911,998.3628887694044
20912,998.3628887694044
20913,998.3628887694044
20914,998.3628887694044
20915,998.3628887694044
20916,998.3628887694044
20917,998.3628887694044
20918,998.3628887694044
20919,998.3628887694044
20920,998.3628887694044
20921,998.3628887694044
20922,998.3628887694044
20923,998.3628887694044
20924,998.3628887694044
20925,998.3628887694044
20926,998.3628887694044
20927,998.3628887694044
20928,998.3628887694044
20929,998.3628887694044
20930,998.3628887694044
20931,998.3628887694044
20932,998.3628887694044
20933,998.3628887694044
20934,998.3628887694044
20935,998.3628887694044
20936,998.3628887694044
20937,998.3628887694044
20938,998.3628887694044
20939,998.3628887694044
20940,998.3628887694044
20941,998.3628887694044
20942,998.3628887694044
20943,998.3628887694044
20944,998.3628887694044
20945,998.3628887694044
20946,998.3628887694044
20947,998.3628887694044
20948,998.3628887694044
20949,998.3628887694044
20950,998.3628887694044
20951,998.3628887694044
20952,998.3628887694044
20953,998.3628887694044
20954,998.3628887694044
20955,998.3628887694044
20956,998.3628887694044
20957,998.3628887694044
20958,998.3628887694044
20959,998.3628887694044
20960,998.3628887694044
20961,998.3628887694044
20962,998.3628887694044
20963,998.3628887694044
20964,998.3628887694044
20965,998.3628887694044
20966,998.3628887694044
20967,998.3628887694044
20968,998.3628887694044
20969,998.3628887694044
20970,998.3628887694044
20971,998.3628887694044
20972,998.3628887694044
20973,998.3628887694044
20974,998.3628887694044
20975,998.3628887694044
20976,998.3628887694044
20977,998.3628887694044
20978,998.3628887694044
20979,998.3628887694044
20980,998.3628887694044
20981,998.3628887694044
20982,998.3628887694044
20983,998.3628887694044
20984,998.3628887694044
20985,998.3628887694044
20986,998.3628887694044
20987,998.3628887694044
20988,998.3628887694044
20989,998.3628887694044
20990,998.3628887694044
20991,998.3628887694044
20992,998.3628887694044
20993,998.3628887694044
20994,998.3628887694044
20995,998.3628887694044
20996,998.3628887694044
20997,998.3628887694044
20998,998.3628887694044
20999,998.3628887694044
21000,998.3628887694044
21001,998.3628887694044
21002,998.3628887694044
21003,998.3628887694044
21004,998.3628887694044
21005,998.3628887694044
21006,998.3628887694044
21007,998.3628887694044
21008,998.3628887694044
21009,998.3628887694044
21010,998.3628887694044
21011,998.3628887694044
21012,998.3628887694044
21013,998.3628887694044
21014,998.3628887694044
21015,998.3628887694044
21016,998.3628887694044
21017,998.3628887694044
21018,998.3628887694044
21019,998.3628887694044
21020,998.3628887694044
21021,998.3628887694044
21022,998.3628887694044
21023,998.3628887694044
21024,998.3628887694044
21025,998.3628887694044
21026,998.3628887694044
21027,998.3628887694044
21028,998.3628887694044
21029,998.3628887694044
21030,998.3628887694044
21031,998.3628887694044
21032,998.3628887694044
21033,998.3628887694044
21034,998.3628887694044
21035,998.3628887694044
21036,998.3628887694044
21037,998.3628887694044
21038,998.3628887694044
21039,998.3628887694044
21040,998.3628887694044
21041,998.3628887694044
21042,998.3628887694044
21043,998.3628887694044
21044,998.3628887694044
21045,998.3628887694044
21046,998.3628887694044
21047,998.3628887694044
21048,998.3628887694044
21049,998.3628887694044
21050,998.3628887694044
21051,998.3628887694044
21052,998.3628887694044
21053,998.3628887694044
21054,998.3628887694044
21055,998.3628887694044
21056,998.3628887694044
21057,998.3628887694044
21058,998.3628887694044
21059,998.3628887694044
21060,998.3628887694044
21061,998.3628887694044
21062,998.3628887694044
21063,998.3628887694044
21064,998.3628887694044
21065,998.3628887694044
21066,998.3628887694044
21067,998.3628887694044
21068,998.3628887694044
21069,998.3628887694044
21070,998.3628887694044
21071,998.3628887694044
21072,998.3628887694044
21073,998.3628887694044
21074,998.3628887694044
21075,998.3628887694044
21076,998.3628887694044
21077,998.3628887694044
21078,998.3628887694044
21079,998.3628887694044
21080,998.3628887694044
21081,998.3628887694044
21082,998.3628887694044
21083,998.3628887694044
21084,998.3628887694044
21085,998.3628887694044
21086,998.3628887694044
21087,998.3628887694044
21088,998.3628887694044
21089,998.3628887694044
21090,998.3628887694044
21091,998.3628887694044
21092,998.3628887694044
21093,998.3628887694044
21094,998.3628887694044
21095,998.3628887694044
21096,998.3628887694044
21097,998.3628887694044
21098,998.3628887694044
21099,998.3628887694044
21100,998.3628887694044
21101,998.3628887694044
21102,998.3628887694044
21103,998.3628887694044
21104,998.3628887694044
21105,998.3628887694044
21106,998.3628887694044
21107,998.3628887694044
21108,998.3628887694044
21109,998.3628887694044
21110,998.3628887694044
21111,998.3628887694044
21112,998.3628887694044
21113,998.3628887694044
21114,998.3628887694044
21115,998.3628887694044
21116,998.3628887694044
21117,998.3628887694044
21118,998.3628887694044
21119,998.3628887694044
21120,998.3628887694044
21121,998.3628887694044
21122,998.3628887694044
21123,998.3628887694044
21124,998.3628887694044
21125,998.3628887694044
21126,998.3628887694044
21127,998.3628887694044
21128,998.3628887694044
21129,998.3628887694044
21130,998.3628887694044
21131,998.3628887694044
21132,998.3628887694044
21133,998.3628887694044
21134,998.3628887694044
21135,998.3628887694044
21136,998.3628887694044
21137,998.3628887694044
21138,998.3628887694044
21139,998.3628887694044
21140,998.3628887694044
21141,998.3628887694044
21142,998.3628887694044
21143,998.3628887694044
21144,998.3628887694044
21145,998.3628887694044
21146,998.3628887694044
21147,998.3628887694044
21148,998.3628887694044
21149,998.3628887694044
21150,998.3628887694044
21151,998.3628887694044
21152,998.3628887694044
21153,998.3628887694044
21154,998.3628887694044
21155,998.3628887694044
21156,998.3628887694044
21157,998.3628887694044
21158,998.3628887694044
21159,998.3628887694044
21160,998.3628887694044
21161,998.3628887694044
21162,998.3628887694044
21163,998.3628887694044
21164,998.3628887694044
21165,998.3628887694044
21166,998.3628887694044
21167,998.3628887694044
21168,998.3628887694044
21169,998.3628887694044
21170,998.3628887694044
21171,998.3628887694044
21172,998.3628887694044
21173,998.3628887694044
21174,998.3628887694044
21175,998.3628887694044
21176,998.3628887694044
21177,998.3628887694044
21178,998.3628887694044
21179,998.3628887694044
21180,998.3628887694044
21181,998.3628887694044
21182,998.3628887694044
21183,998.3628887694044
21184,998.3628887694044
21185,998.3628887694044
21186,998.3628887694044
21187,998.3628887694044
21188,998.3628887694044
21189,998.3628887694044
21190,998.3628887694044
21191,998.3628887694044
21192,998.3628887694044
21193,998.3628887694044
21194,998.3628887694044
21195,998.3628887694044
21196,998.3628887694044
21197,998.3628887694044
21198,998.3628887694044
21199,998.3628887694044
21200,998.3628887694044
21201,998.3628887694044
21202,998.3628887694044
21203,998.3628887694044
21204,998.3628887694044
21205,998.3628887694044
21206,998.3628887694044
21207,998.3628887694044
21208,998.3628887694044
21209,998.3628887694044
21210,998.3628887694044
21211,998.3628887694044
21212,998.3628887694044
21213,998.3628887694044
21214,998.3628887694044
21215,998.3628887694044
21216,998.3628887694044
21217,998.3628887694044
21218,998.3628887694044
21219,998.3628887694044
21220,998.3628887694044
21221,998.3628887694044
21222,998.3628887694044
21223,998.3628887694044
21224,998.3628887694044
21225,998.3628887694044
21226,998.3628887694044
21227,998.3628887694044
21228,998.3628887694044
21229,998.3628887694044
21230,998.3628887694044
21231,998.3628887694044
21232,998.3628887694044
21233,998.3628887694044
21234,998.3628887694044
21235,998.3628887694044
21236,998.3628887694044
21237,998.3628887694044
21238,998.3628887694044
21239,998.3628887694044
21240,998.3628887694044
21241,998.3628887694044
21242,998.3628887694044
21243,998.3628887694044
21244,998.3628887694044
21245,998.3628887694044
21246,998.3628887694044
21247,998.3628887694044
21248,998.3628887694044
21249,998.3628887694044
21250,998.3628887694044
21251,998.3628887694044
21252,998.3628887694044
21253,998.3628887694044
21254,998.3628887694044
21255,998.3628887694044
21256,998.3628887694044
21257,998.3628887694044
21258,998.3628887694044
21259,998.3628887694044
21260,998.3628887694044
21261,998.3628887694044
21262,998.3628887694044
21263,998.3628887694044
21264,998.3628887694044
21265,998.3628887694044
21266,998.3628887694044
21267,998.3628887694044
21268,998.3628887694044
21269,998.3628887694044
21270,998.3628887694044
21271,998.3628887694044
21272,998.3628887694044
21273,998.3628887694044
21274,998.3628887694044
21275,998.3628887694044
21276,998.3628887694044
21277,998.3628887694044
21278,998.3628887694044
21279,998.3628887694044
21280,998.3628887694044
21281,998.3628887694044
21282,998.3628887694044
21283,998.3628887694044
21284,998.3628887694044
21285,998.3628887694044
21286,998.3628887694044
21287,998.3628887694044
21288,998.3628887694044
21289,998.3628887694044
21290,998.3628887694044
21291,998.3628887694044
21292,998.3628887694044
21293,998.3628887694044
21294,998.3628887694044
21295,998.3628887694044
21296,998.3628887694044
21297,998.3628887694044
21298,998.3628887694044
21299,998.3628887694044
21300,998.3628887694044
21301,998.3628887694044
21302,998.3628887694044
21303,998.3628887694044
21304,998.3628887694044
21305,998.3628887694044
21306,998.3628887694044
21307,998.3628887694044
21308,998.3628887694044
21309,998.3628887694044
21310,998.3628887694044
21311,998.3628887694044
21312,998.3628887694044
21313,998.3628887694044
21314,998.3628887694044
21315,998.3628887694044
21316,998.3628887694044
21317,998.3628887694044
21318,998.3628887694044
21319,998.3628887694044
21320,998.3628887694044
21321,998.3628887694044
21322,998.3628887694044
21323,998.3628887694044
21324,998.3628887694044
21325,998.3628887694044
21326,998.3628887694044
21327,998.3628887694044
21328,998.3628887694044
21329,998.3628887694044
21330,998.3628887694044
21331,998.3628887694044
21332,998.3628887694044
21333,998.3628887694044
21334,998.3628887694044
21335,998.3628887694044
21336,998.3628887694044
21337,998.3628887694044
21338,998.3628887694044
21339,998.3628887694044
21340,998.3628887694044
21341,998.3628887694044
21342,998.3628887694044
21343,998.3628887694044
21344,998.3628887694044
21345,998.3628887694044
21346,998.3628887694044
21347,998.3628887694044
21348,998.3628887694044
21349,998.3628887694044
21350,998.3628887694044
21351,998.3628887694044
21352,998.3628887694044
21353,998.3628887694044
21354,998.3628887694044
21355,998.3628887694044
21356,998.3628887694044
21357,998.3628887694044
21358,998.3628887694044
21359,998.3628887694044
21360,998.3628887694044
21361,998.3628887694044
21362,998.3628887694044
21363,998.3628887694044
21364,998.3628887694044
21365,998.3628887694044
21366,998.3628887694044
21367,998.3628887694044
21368,998.3628887694044
21369,998.3628887694044
21370,998.3628887694044
21371,998.3628887694044
21372,998.3628887694044
21373,998.3628887694044
21374,998.3628887694044
21375,998.3628887694044
21376,998.3628887694044
21377,998.3628887694044
21378,998.3628887694044
21379,998.3628887694044
21380,998.3628887694044
21381,998.3628887694044
21382,998.3628887694044
21383,998.3628887694044
21384,998.3628887694044
21385,998.3628887694044
21386,998.3628887694044
21387,998.3628887694044
21388,998.3628887694044
21389,998.3628887694044
21390,998.3628887694044
21391,998.3628887694044
21392,998.3628887694044
21393,998.3628887694044
21394,998.3628887694044
21395,998.3628887694044
21396,998.3628887694044
21397,998.3628887694044
21398,998.3628887694044
21399,998.3628887694044
21400,998.3628887694044
21401,998.3628887694044
21402,998.3628887694044
21403,998.3628887694044
21404,998.3628887694044
21405,998.3628887694044
21406,998.3628887694044
21407,998.3628887694044
21408,998.3628887694044
21409,998.3628887694044
21410,998.3628887694044
21411,998.3628887694044
21412,998.3628887694044
21413,998.3628887694044
21414,998.3628887694044
21415,998.3628887694044
21416,998.3628887694044
21417,998.3628887694044
21418,998.3628887694044
21419,998.3628887694044
21420,998.3628887694044
21421,998.3628887694044
21422,998.3628887694044
21423,998.3628887694044
21424,998.3628887694044
21425,998.3628887694044
21426,998.3628887694044
21427,998.3628887694044
21428,998.3628887694044
21429,998.3628887694044
21430,998.3628887694044
21431,998.3628887694044
21432,998.3628887694044
21433,998.3628887694044
21434,998.3628887694044
21435,998.3628887694044
21436,998.3628887694044
21437,998.3628887694044
21438,998.3628887694044
21439,998.3628887694044
21440,998.3628887694044
21441,998.3628887694044
21442,998.3628887694044
21443,998.3628887694044
21444,998.3628887694044
21445,998.3628887694044
21446,998.3628887694044
21447,998.3628887694044
21448,998.3628887694044
21449,998.3628887694044
21450,998.3628887694044
21451,998.3628887694044
21452,998.3628887694044
21453,998.3628887694044
21454,998.3628887694044
21455,998.3628887694044
21456,998.3628887694044
21457,998.3628887694044
21458,998.3628887694044
21459,998.3628887694044
21460,998.3628887694044
21461,998.3628887694044
21462,998.3628887694044
21463,998.3628887694044
21464,998.3628887694044
21465,998.3628887694044
21466,998.3628887694044
21467,998.3628887694044
21468,998.3628887694044
21469,998.3628887694044
21470,998.3628887694044
21471,998.3628887694044
21472,998.3628887694044
21473,998.3628887694044
21474,998.3628887694044
21475,998.3628887694044
21476,998.3628887694044
21477,998.3628887694044
21478,998.3628887694044
21479,998.3628887694044
21480,998.3628887694044
21481,998.3628887694044
21482,998.3628887694044
21483,998.3628887694044
21484,998.3628887694044
21485,998.3628887694044
21486,998.3628887694044
21487,998.3628887694044
21488,998.3628887694044
21489,998.3628887694044
21490,998.3628887694044
21491,998.3628887694044
21492,998.3628887694044
21493,998.3628887694044
21494,998.3628887694044
21495,998.3628887694044
21496,998.3628887694044
21497,998.3628887694044
21498,998.3628887694044
21499,998.3628887694044
21500,998.3628887694044
21501,998.3628887694044
21502,998.3628887694044
21503,998.3628887694044
21504,998.3628887694044
21505,998.3628887694044
21506,998.3628887694044
21507,998.3628887694044
21508,998.3628887694044
21509,998.3628887694044
21510,998.3628887694044
21511,998.3628887694044
21512,998.3628887694044
21513,998.3628887694044
21514,998.3628887694044
21515,998.3628887694044
21516,998.3628887694044
21517,998.3628887694044
21518,998.3628887694044
21519,998.3628887694044
21520,998.3628887694044
21521,998.3628887694044
21522,998.3628887694044
21523,998.3628887694044
21524,998.3628887694044
21525,998.3628887694044
21526,998.3628887694044
21527,998.3628887694044
21528,998.3628887694044
21529,998.3628887694044
21530,998.3628887694044
21531,998.3628887694044
21532,998.3628887694044
21533,998.3628887694044
21534,998.3628887694044
21535,998.3628887694044
21536,998.3628887694044
21537,998.3628887694044
21538,998.3628887694044
21539,998.3628887694044
21540,998.3628887694044
21541,998.3628887694044
21542,998.3628887694044
21543,998.3628887694044
21544,998.3628887694044
21545,998.3628887694044
21546,998.3628887694044
21547,998.3628887694044
21548,998.3628887694044
21549,998.3628887694044
21550,998.3628887694044
21551,998.3628887694044
21552,998.3628887694044
21553,998.3628887694044
21554,998.3628887694044
21555,998.3628887694044
21556,998.3628887694044
21557,998.3628887694044
21558,998.3628887694044
21559,998.3628887694044
21560,998.3628887694044
21561,998.3628887694044
21562,998.3628887694044
21563,998.3628887694044
21564,998.3628887694044
21565,998.3628887694044
21566,998.3628887694044
21567,998.3628887694044
21568,998.3628887694044
21569,998.3628887694044
21570,998.3628887694044
21571,998.3628887694044
21572,998.3628887694044
21573,998.3628887694044
21574,998.3628887694044
21575,998.3628887694044
21576,998.3628887694044
21577,998.3628887694044
21578,998.3628887694044
21579,998.3628887694044
21580,998.3628887694044
21581,998.3628887694044
21582,998.3628887694044
21583,998.3628887694044
21584,998.3628887694044
21585,998.3628887694044
21586,998.3628887694044
21587,998.3628887694044
21588,998.3628887694044
21589,998.3628887694044
21590,998.3628887694044
21591,998.3628887694044
21592,998.3628887694044
21593,998.3628887694044
21594,998.3628887694044
21595,998.3628887694044
21596,998.3628887694044
21597,998.3628887694044
21598,998.3628887694044
21599,998.3628887694044
21600,998.3628887694044
21601,998.3628887694044
21602,998.3628887694044
21603,998.3628887694044
21604,998.3628887694044
21605,998.3628887694044
21606,998.3628887694044
21607,998.3628887694044
21608,998.3628887694044
21609,998.3628887694044
21610,998.3628887694044
21611,998.3628887694044
21612,998.3628887694044
21613,998.3628887694044
21614,998.3628887694044
21615,998.3628887694044
21616,998.3628887694044
21617,998.3628887694044
21618,998.3628887694044
21619,998.3628887694044
21620,998.3628887694044
21621,998.3628887694044
21622,998.3628887694044
21623,998.3628887694044
21624,998.3628887694044
21625,998.3628887694044
21626,998.3628887694044
21627,998.3628887694044
21628,998.3628887694044
21629,998.3628887694044
21630,998.3628887694044
21631,998.3628887694044
21632,998.3628887694044
21633,998.3628887694044
21634,998.3628887694044
21635,998.3628887694044
21636,998.3628887694044
21637,998.3628887694044
21638,998.3628887694044
21639,998.3628887694044
21640,998.3628887694044
21641,998.3628887694044
21642,998.3628887694044
21643,998.3628887694044
21644,998.3628887694044
21645,998.3628887694044
21646,998.3628887694044
21647,998.3628887694044
21648,998.3628887694044
21649,998.3628887694044
21650,998.3628887694044
21651,998.3628887694044
21652,998.3628887694044
21653,998.3628887694044
21654,998.3628887694044
21655,998.3628887694044
21656,998.3628887694044
21657,998.3628887694044
21658,998.3628887694044
21659,998.3628887694044
21660,998.3628887694044
21661,998.3628887694044
21662,998.3628887694044
21663,998.3628887694044
21664,998.3628887694044
21665,998.3628887694044
21666,998.3628887694044
21667,998.3628887694044
21668,998.3628887694044
21669,998.3628887694044
21670,998.3628887694044
21671,998.3628887694044
21672,998.3628887694044
21673,998.3628887694044
21674,998.3628887694044
21675,998.3628887694044
21676,998.3628887694044
21677,998.3628887694044
21678,998.3628887694044
21679,998.3628887694044
21680,998.3628887694044
21681,998.3628887694044
21682,998.3628887694044
21683,998.3628887694044
21684,998.3628887694044
21685,998.3628887694044
21686,998.3628887694044
21687,998.3628887694044
21688,998.3628887694044
21689,998.3628887694044
21690,998.3628887694044
21691,998.3628887694044
21692,998.3628887694044
21693,998.3628887694044
21694,998.3628887694044
21695,998.3628887694044
21696,998.3628887694044
21697,998.3628887694044
21698,998.3628887694044
21699,998.3628887694044
21700,998.3628887694044
21701,998.3628887694044
21702,998.3628887694044
21703,998.3628887694044
21704,998.3628887694044
21705,998.3628887694044
21706,998.3628887694044
21707,998.3628887694044
21708,998.3628887694044
21709,998.3628887694044
21710,998.3628887694044
21711,998.3628887694044
21712,998.3628887694044
21713,998.3628887694044
21714,998.3628887694044
21715,998.3628887694044
21716,998.3628887694044
21717,998.3628887694044
21718,998.3628887694044
21719,998.3628887694044
21720,998.3628887694044
21721,998.3628887694044
21722,998.3628887694044
21723,998.3628887694044
21724,998.3628887694044
21725,998.3628887694044
21726,998.3628887694044
21727,998.3628887694044
21728,998.3628887694044
21729,998.3628887694044
21730,998.3628887694044
21731,998.3628887694044
21732,998.3628887694044
21733,998.3628887694044
21734,998.3628887694044
21735,998.3628887694044
21736,998.3628887694044
21737,998.3628887694044
21738,998.3628887694044
21739,998.3628887694044
21740,998.3628887694044
21741,998.3628887694044
21742,998.3628887694044
21743,998.3628887694044
21744,998.3628887694044
21745,998.3628887694044
21746,998.3628887694044
21747,998.3628887694044
21748,998.3628887694044
21749,998.3628887694044
21750,998.3628887694044
21751,998.3628887694044
21752,998.3628887694044
21753,998.3628887694044
21754,998.3628887694044
21755,998.3628887694044
21756,998.3628887694044
21757,998.3628887694044
21758,998.3628887694044
21759,998.3628887694044
21760,998.3628887694044
21761,998.3628887694044
21762,998.3628887694044
21763,998.3628887694044
21764,998.3628887694044
21765,998.3628887694044
21766,998.3628887694044
21767,998.3628887694044
21768,998.3628887694044
21769,998.3628887694044
21770,998.3628887694044
21771,998.3628887694044
21772,998.3628887694044
21773,998.3628887694044
21774,998.3628887694044
21775,998.3628887694044
21776,998.3628887694044
21777,998.3628887694044
21778,998.3628887694044
21779,998.3628887694044
21780,998.3628887694044
21781,998.3628887694044
21782,998.3628887694044
21783,998.3628887694044
21784,998.3628887694044
21785,998.3628887694044
21786,998.3628887694044
21787,998.3628887694044
21788,998.3628887694044
21789,998.3628887694044
21790,998.3628887694044
21791,998.3628887694044
21792,998.3628887694044
21793,998.3628887694044
21794,998.3628887694044
21795,998.3628887694044
21796,998.3628887694044
21797,998.3628887694044
21798,998.3628887694044
21799,998.3628887694044
21800,998.3628887694044
21801,998.3628887694044
21802,998.3628887694044
21803,998.3628887694044
21804,998.3628887694044
21805,998.3628887694044
21806,998.3628887694044
21807,998.3628887694044
21808,998.3628887694044
21809,998.3628887694044
21810,998.3628887694044
21811,998.3628887694044
21812,998.3628887694044
21813,998.3628887694044
21814,998.3628887694044
21815,998.3628887694044
21816,998.3628887694044
21817,998.3628887694044
21818,998.3628887694044
21819,998.3628887694044
21820,998.3628887694044
21821,998.3628887694044
21822,998.3628887694044
21823,998.3628887694044
21824,998.3628887694044
21825,998.3628887694044
21826,998.3628887694044
21827,998.3628887694044
21828,998.3628887694044
21829,998.3628887694044
21830,998.3628887694044
21831,998.3628887694044
21832,998.3628887694044
21833,998.3628887694044
21834,998.3628887694044
21835,998.3628887694044
21836,998.3628887694044
21837,998.3628887694044
21838,998.3628887694044
21839,998.3628887694044
21840,998.3628887694044
21841,998.3628887694044
21842,998.3628887694044
21843,998.3628887694044
21844,998.3628887694044
21845,998.3628887694044
21846,998.3628887694044
21847,998.3628887694044
21848,998.3628887694044
21849,998.3628887694044
21850,998.3628887694044
21851,998.3628887694044
21852,998.3628887694044
21853,998.3628887694044
21854,998.3628887694044
21855,998.3628887694044
21856,998.3628887694044
21857,998.3628887694044
21858,998.3628887694044
21859,998.3628887694044
21860,998.3628887694044
21861,998.3628887694044
21862,998.3628887694044
21863,998.3628887694044
21864,998.3628887694044
21865,998.3628887694044
21866,998.3628887694044
21867,998.3628887694044
21868,998.3628887694044
21869,998.3628887694044
21870,998.3628887694044
21871,998.3628887694044
21872,998.3628887694044
21873,998.3628887694044
21874,998.3628887694044
21875,998.3628887694044
21876,998.3628887694044
21877,998.3628887694044
21878,998.3628887694044
21879,998.3628887694044
21880,998.3628887694044
21881,998.3628887694044
21882,998.3628887694044
21883,998.3628887694044
21884,998.3628887694044
21885,998.3628887694044
21886,998.3628887694044
21887,998.3628887694044
21888,998.3628887694044
21889,998.3628887694044
21890,998.3628887694044
21891,998.3628887694044
21892,998.3628887694044
21893,998.3628887694044
21894,998.3628887694044
21895,998.3628887694044
21896,998.3628887694044
21897,998.3628887694044
21898,998.3628887694044
21899,998.3628887694044
21900,998.3628887694044
21901,998.3628887694044
21902,998.3628887694044
21903,998.3628887694044
21904,998.3628887694044
21905,998.3628887694044
21906,998.3628887694044
21907,998.3628887694044
21908,998.3628887694044
21909,998.3628887694044
21910,998.3628887694044
21911,998.3628887694044
21912,998.3628887694044
21913,998.3628887694044
21914,998.3628887694044
21915,998.3628887694044
21916,998.3628887694044
21917,998.3628887694044
21918,998.3628887694044
21919,998.3628887694044
21920,998.3628887694044
21921,998.3628887694044
21922,998.3628887694044
21923,998.3628887694044
21924,998.3628887694044
21925,998.3628887694044
21926,998.3628887694044
21927,998.3628887694044
21928,998.3628887694044
21929,998.3628887694044
21930,998.3628887694044
21931,998.3628887694044
21932,998.3628887694044
21933,998.3628887694044
21934,998.3628887694044
21935,998.3628887694044
21936,998.3628887694044
21937,998.3628887694044
21938,998.3628887694044
21939,998.3628887694044
21940,998.3628887694044
21941,998.3628887694044
21942,998.3628887694044
21943,998.3628887694044
21944,998.3628887694044
21945,998.3628887694044
21946,998.3628887694044
21947,998.3628887694044
21948,998.3628887694044
21949,998.3628887694044
21950,998.3628887694044
21951,998.3628887694044
21952,998.3628887694044
21953,998.3628887694044
21954,998.3628887694044
21955,998.3628887694044
21956,998.3628887694044
21957,998.3628887694044
21958,998.3628887694044
21959,998.3628887694044
21960,998.3628887694044
21961,998.3628887694044
21962,998.3628887694044
21963,998.3628887694044
21964,998.3628887694044
21965,998.3628887694044
21966,998.3628887694044
21967,998.3628887694044
21968,998.3628887694044
21969,998.3628887694044
21970,998.3628887694044
21971,998.3628887694044
21972,998.3628887694044
21973,998.3628887694044
21974,998.3628887694044
21975,998.3628887694044
21976,998.3628887694044
21977,998.3628887694044
21978,998.3628887694044
21979,998.3628887694044
21980,998.3628887694044
21981,998.3628887694044
21982,998.3628887694044
21983,998.3628887694044
21984,998.3628887694044
21985,998.3628887694044
21986,998.3628887694044
21987,998.3628887694044
21988,998.3628887694044
21989,998.3628887694044
21990,998.3628887694044
21991,998.3628887694044
21992,998.3628887694044
21993,998.3628887694044
21994,998.3628887694044
21995,998.3628887694044
21996,998.3628887694044
21997,998.3628887694044
21998,998.3628887694044
21999,998.3628887694044
22000,998.3628887694044
22001,998.3628887694044
22002,998.3628887694044
22003,998.3628887694044
22004,998.3628887694044
22005,998.3628887694044
22006,998.3628887694044
22007,998.3628887694044
22008,998.3628887694044
22009,998.3628887694044
22010,998.3628887694044
22011,998.3628887694044
22012,998.3628887694044
22013,998.3628887694044
22014,998.3628887694044
22015,998.3628887694044
22016,998.3628887694044
22017,998.3628887694044
22018,998.3628887694044
22019,998.3628887694044
22020,998.3628887694044
22021,998.3628887694044
22022,998.3628887694044
22023,998.3628887694044
22024,998.3628887694044
22025,998.3628887694044
22026,998.3628887694044
22027,998.3628887694044
22028,998.3628887694044
22029,998.3628887694044
22030,998.3628887694044
22031,998.3628887694044
22032,998.3628887694044
22033,998.3628887694044
22034,998.3628887694044
22035,998.3628887694044
22036,998.3628887694044
22037,998.3628887694044
22038,998.3628887694044
22039,998.3628887694044
22040,998.3628887694044
22041,998.3628887694044
22042,998.3628887694044
22043,998.3628887694044
22044,998.3628887694044
22045,998.3628887694044
22046,998.3628887694044
22047,998.3628887694044
22048,998.3628887694044
22049,998.3628887694044
22050,998.3628887694044
22051,998.3628887694044
22052,998.3628887694044
22053,998.3628887694044
22054,998.3628887694044
22055,998.3628887694044
22056,998.3628887694044
22057,998.3628887694044
22058,998.3628887694044
22059,998.3628887694044
22060,998.3628887694044
22061,998.3628887694044
22062,998.3628887694044
22063,998.3628887694044
22064,998.3628887694044
22065,998.3628887694044
22066,998.3628887694044
22067,998.3628887694044
22068,998.3628887694044
22069,998.3628887694044
22070,998.3628887694044
22071,998.3628887694044
22072,998.3628887694044
22073,998.3628887694044
22074,998.3628887694044
22075,998.3628887694044
22076,998.3628887694044
22077,998.3628887694044
22078,998.3628887694044
22079,998.3628887694044
22080,998.3628887694044
22081,998.3628887694044
22082,998.3628887694044
22083,998.3628887694044
22084,998.3628887694044
22085,998.3628887694044
22086,998.3628887694044
22087,998.3628887694044
22088,998.3628887694044
22089,998.3628887694044
22090,998.3628887694044
22091,998.3628887694044
22092,998.3628887694044
22093,998.3628887694044
22094,998.3628887694044
22095,998.3628887694044
22096,998.3628887694044
22097,998.3628887694044
22098,998.3628887694044
22099,998.3628887694044
22100,998.3628887694044
22101,998.3628887694044
22102,998.3628887694044
22103,998.3628887694044
22104,998.3628887694044
22105,998.3628887694044
22106,998.3628887694044
22107,998.3628887694044
22108,998.3628887694044
22109,998.3628887694044
22110,998.3628887694044
22111,998.3628887694044
22112,998.3628887694044
22113,998.3628887694044
22114,998.3628887694044
22115,998.3628887694044
22116,998.3628887694044
22117,998.3628887694044
22118,998.3628887694044
22119,998.3628887694044
22120,998.3628887694044
22121,998.3628887694044
22122,998.3628887694044
22123,998.3628887694044
22124,998.3628887694044
22125,998.3628887694044
22126,998.3628887694044
22127,998.3628887694044
22128,998.3628887694044
22129,998.3628887694044
22130,998.3628887694044
22131,998.3628887694044
22132,998.3628887694044
22133,998.3628887694044
22134,998.3628887694044
22135,998.3628887694044
22136,998.3628887694044
22137,998.3628887694044
22138,998.3628887694044
22139,998.3628887694044
22140,998.3628887694044
22141,998.3628887694044
22142,998.3628887694044
22143,998.3628887694044
22144,998.3628887694044
22145,998.3628887694044
22146,998.3628887694044
22147,998.3628887694044
22148,998.3628887694044
22149,998.3628887694044
22150,998.3628887694044
22151,998.3628887694044
22152,998.3628887694044
22153,998.3628887694044
22154,998.3628887694044
22155,998.3628887694044
22156,998.3628887694044
22157,998.3628887694044
22158,998.3628887694044
22159,998.3628887694044
22160,998.3628887694044
22161,998.3628887694044
22162,998.3628887694044
22163,998.3628887694044
22164,998.3628887694044
22165,998.3628887694044
22166,998.3628887694044
22167,998.3628887694044
22168,998.3628887694044
22169,998.3628887694044
22170,998.3628887694044
22171,998.3628887694044
22172,998.3628887694044
22173,998.3628887694044
22174,998.3628887694044
22175,998.3628887694044
22176,998.3628887694044
22177,998.3628887694044
22178,998.3628887694044
22179,998.3628887694044
22180,998.3628887694044
22181,998.3628887694044
22182,998.3628887694044
22183,998.3628887694044
22184,998.3628887694044
22185,998.3628887694044
22186,998.3628887694044
22187,998.3628887694044
22188,998.3628887694044
22189,998.3628887694044
22190,998.3628887694044
22191,998.3628887694044
22192,998.3628887694044
22193,998.3628887694044
22194,998.3628887694044
22195,998.3628887694044
22196,998.3628887694044
22197,998.3628887694044
22198,998.3628887694044
22199,998.3628887694044
22200,998.3628887694044
22201,998.3628887694044
22202,998.3628887694044
22203,998.3628887694044
22204,998.3628887694044
22205,998.3628887694044
22206,998.3628887694044
22207,998.3628887694044
22208,998.3628887694044
22209,998.3628887694044
22210,998.3628887694044
22211,998.3628887694044
22212,998.3628887694044
22213,998.3628887694044
22214,998.3628887694044
22215,998.3628887694044
22216,998.3628887694044
22217,998.3628887694044
22218,998.3628887694044
22219,998.3628887694044
22220,998.3628887694044
22221,998.3628887694044
22222,998.3628887694044
22223,998.3628887694044
22224,998.3628887694044
22225,998.3628887694044
22226,998.3628887694044
22227,998.3628887694044
22228,998.3628887694044
22229,998.3628887694044
22230,998.3628887694044
22231,998.3628887694044
22232,998.3628887694044
22233,998.3628887694044
22234,998.3628887694044
22235,998.3628887694044
22236,998.3628887694044
22237,998.3628887694044
22238,998.3628887694044
22239,998.3628887694044
22240,998.3628887694044
22241,998.3628887694044
22242,998.3628887694044
22243,998.3628887694044
22244,998.3628887694044
22245,998.3628887694044
22246,998.3628887694044
22247,998.3628887694044
22248,998.3628887694044
22249,998.3628887694044
22250,998.3628887694044
22251,998.3628887694044
22252,998.3628887694044
22253,998.3628887694044
22254,998.3628887694044
22255,998.3628887694044
22256,998.3628887694044
22257,998.3628887694044
22258,998.3628887694044
22259,998.3628887694044
22260,998.3628887694044
22261,998.3628887694044
22262,998.3628887694044
22263,998.3628887694044
22264,998.3628887694044
22265,998.3628887694044
22266,998.3628887694044
22267,998.3628887694044
22268,998.3628887694044
22269,998.3628887694044
22270,998.3628887694044
22271,998.3628887694044
22272,998.3628887694044
22273,998.3628887694044
22274,998.3628887694044
22275,998.3628887694044
22276,998.3628887694044
22277,998.3628887694044
22278,998.3628887694044
22279,998.3628887694044
22280,998.3628887694044
22281,998.3628887694044
22282,998.3628887694044
22283,998.3628887694044
22284,998.3628887694044
22285,998.3628887694044
22286,998.3628887694044
22287,998.3628887694044
22288,998.3628887694044
22289,998.3628887694044
22290,998.3628887694044
22291,998.3628887694044
22292,998.3628887694044
22293,998.3628887694044
22294,998.3628887694044
22295,998.3628887694044
22296,998.3628887694044
22297,998.3628887694044
22298,998.3628887694044
22299,998.3628887694044
22300,998.3628887694044
22301,998.3628887694044
22302,998.3628887694044
22303,998.3628887694044
22304,998.3628887694044
22305,998.3628887694044
22306,998.3628887694044
22307,998.3628887694044
22308,998.3628887694044
22309,998.3628887694044
22310,998.3628887694044
22311,998.3628887694044
22312,998.3628887694044
22313,998.3628887694044
22314,998.3628887694044
22315,998.3628887694044
22316,998.3628887694044
22317,998.3628887694044
22318,998.3628887694044
22319,998.3628887694044
22320,998.3628887694044
22321,998.3628887694044
22322,998.3628887694044
22323,998.3628887694044
22324,998.3628887694044
22325,998.3628887694044
22326,998.3628887694044
22327,998.3628887694044
22328,998.3628887694044
22329,998.3628887694044
22330,998.3628887694044
22331,998.3628887694044
22332,998.3628887694044
22333,998.3628887694044
22334,998.3628887694044
22335,998.3628887694044
22336,998.3628887694044
22337,998.3628887694044
22338,998.3628887694044
22339,998.3628887694044
22340,998.3628887694044
22341,998.3628887694044
22342,998.3628887694044
22343,998.3628887694044
22344,998.3628887694044
22345,998.3628887694044
22346,998.3628887694044
22347,998.3628887694044
22348,998.3628887694044
22349,998.3628887694044
22350,998.3628887694044
22351,998.3628887694044
22352,998.3628887694044
22353,998.3628887694044
22354,998.3628887694044
22355,998.3628887694044
22356,998.3628887694044
22357,998.3628887694044
22358,998.3628887694044
22359,998.3628887694044
22360,998.3628887694044
22361,998.3628887694044
22362,998.3628887694044
22363,998.3628887694044
22364,998.3628887694044
22365,998.3628887694044
22366,998.3628887694044
22367,998.3628887694044
22368,998.3628887694044
22369,998.3628887694044
22370,998.3628887694044
22371,998.3628887694044
22372,998.3628887694044
22373,998.3628887694044
22374,998.3628887694044
22375,998.3628887694044
22376,998.3628887694044
22377,998.3628887694044
22378,998.3628887694044
22379,998.3628887694044
22380,998.3628887694044
22381,998.3628887694044
22382,998.3628887694044
22383,998.3628887694044
22384,998.3628887694044
22385,998.3628887694044
22386,998.3628887694044
22387,998.3628887694044
22388,998.3628887694044
22389,998.3628887694044
22390,998.3628887694044
22391,998.3628887694044
22392,998.3628887694044
22393,998.3628887694044
22394,998.3628887694044
22395,998.3628887694044
22396,998.3628887694044
22397,998.3628887694044
22398,998.3628887694044
22399,998.3628887694044
22400,998.3628887694044
22401,998.3628887694044
22402,998.3628887694044
22403,998.3628887694044
22404,998.3628887694044
22405,998.3628887694044
22406,998.3628887694044
22407,998.3628887694044
22408,998.3628887694044
22409,998.3628887694044
22410,998.3628887694044
22411,998.3628887694044
22412,998.3628887694044
22413,998.3628887694044
22414,998.3628887694044
22415,998.3628887694044
22416,998.3628887694044
22417,998.3628887694044
22418,998.3628887694044
22419,998.3628887694044
22420,998.3628887694044
22421,998.3628887694044
22422,998.3628887694044
22423,998.3628887694044
22424,998.3628887694044
22425,998.3628887694044
22426,998.3628887694044
22427,998.3628887694044
22428,998.3628887694044
22429,998.3628887694044
22430,998.3628887694044
22431,998.3628887694044
22432,998.3628887694044
22433,998.3628887694044
22434,998.3628887694044
22435,998.3628887694044
22436,998.3628887694044
22437,998.3628887694044
22438,998.3628887694044
22439,998.3628887694044
22440,998.3628887694044
22441,998.3628887694044
22442,998.3628887694044
22443,998.3628887694044
22444,998.3628887694044
22445,998.3628887694044
22446,998.3628887694044
22447,998.3628887694044
22448,998.3628887694044
22449,998.3628887694044
22450,998.3628887694044
22451,998.3628887694044
22452,998.3628887694044
22453,998.3628887694044
22454,998.3628887694044
22455,998.3628887694044
22456,998.3628887694044
22457,998.3628887694044
22458,998.3628887694044
22459,998.3628887694044
22460,998.3628887694044
22461,998.3628887694044
22462,998.3628887694044
22463,998.3628887694044
22464,998.3628887694044
22465,998.3628887694044
22466,998.3628887694044
22467,998.3628887694044
22468,998.3628887694044
22469,998.3628887694044
22470,998.3628887694044
22471,998.3628887694044
22472,998.3628887694044
22473,998.3628887694044
22474,998.3628887694044
22475,998.3628887694044
22476,998.3628887694044
22477,998.3628887694044
22478,998.3628887694044
22479,998.3628887694044
22480,998.3628887694044
22481,998.3628887694044
22482,998.3628887694044
22483,998.3628887694044
22484,998.3628887694044
22485,998.3628887694044
22486,998.3628887694044
22487,998.3628887694044
22488,998.3628887694044
22489,998.3628887694044
22490,998.3628887694044
22491,998.3628887694044
22492,998.3628887694044
22493,998.3628887694044
22494,998.3628887694044
22495,998.3628887694044
22496,998.3628887694044
22497,998.3628887694044
22498,998.3628887694044
22499,998.3628887694044
22500,998.3628887694044
22501,998.3628887694044
22502,998.3628887694044
22503,998.3628887694044
22504,998.3628887694044
22505,998.3628887694044
22506,998.3628887694044
22507,998.3628887694044
22508,998.3628887694044
22509,998.3628887694044
22510,998.3628887694044
22511,998.3628887694044
22512,998.3628887694044
22513,998.3628887694044
22514,998.3628887694044
22515,998.3628887694044
22516,998.3628887694044
22517,998.3628887694044
22518,998.3628887694044
22519,998.3628887694044
22520,998.3628887694044
22521,998.3628887694044
22522,998.3628887694044
22523,998.3628887694044
22524,998.3628887694044
22525,998.3628887694044
22526,998.3628887694044
22527,998.3628887694044
22528,998.3628887694044
22529,998.3628887694044
22530,998.3628887694044
22531,998.3628887694044
22532,998.3628887694044
22533,998.3628887694044
22534,998.3628887694044
22535,998.3628887694044
22536,998.3628887694044
22537,998.3628887694044
22538,998.3628887694044
22539,998.3628887694044
22540,998.3628887694044
22541,998.3628887694044
22542,998.3628887694044
22543,998.3628887694044
22544,998.3628887694044
22545,998.3628887694044
22546,998.3628887694044
22547,998.3628887694044
22548,998.3628887694044
22549,998.3628887694044
22550,998.3628887694044
22551,998.3628887694044
22552,998.3628887694044
22553,998.3628887694044
22554,998.3628887694044
22555,998.3628887694044
22556,998.3628887694044
22557,998.3628887694044
22558,998.3628887694044
22559,998.3628887694044
22560,998.3628887694044
22561,998.3628887694044
22562,998.3628887694044
22563,998.3628887694044
22564,998.3628887694044
22565,998.3628887694044
22566,998.3628887694044
22567,998.3628887694044
22568,998.3628887694044
22569,998.3628887694044
22570,998.3628887694044
22571,998.3628887694044
22572,998.3628887694044
22573,998.3628887694044
22574,998.3628887694044
22575,998.3628887694044
22576,998.3628887694044
22577,998.3628887694044
22578,998.3628887694044
22579,998.3628887694044
22580,998.3628887694044
22581,998.3628887694044
22582,998.3628887694044
22583,998.3628887694044
22584,998.3628887694044
22585,998.3628887694044
22586,998.3628887694044
22587,998.3628887694044
22588,998.3628887694044
22589,998.3628887694044
22590,998.3628887694044
22591,998.3628887694044
22592,998.3628887694044
22593,998.3628887694044
22594,998.3628887694044
22595,998.3628887694044
22596,998.3628887694044
22597,998.3628887694044
22598,998.3628887694044
22599,998.3628887694044
22600,998.3628887694044
22601,998.3628887694044
22602,998.3628887694044
22603,998.3628887694044
22604,998.3628887694044
22605,998.3628887694044
22606,998.3628887694044
22607,998.3628887694044
22608,998.3628887694044
22609,998.3628887694044
22610,998.3628887694044
22611,998.3628887694044
22612,998.3628887694044
22613,998.3628887694044
22614,998.3628887694044
22615,998.3628887694044
22616,998.3628887694044
22617,998.3628887694044
22618,998.3628887694044
22619,998.3628887694044
22620,998.3628887694044
22621,998.3628887694044
22622,998.3628887694044
22623,998.3628887694044
22624,998.3628887694044
22625,998.3628887694044
22626,998.3628887694044
22627,998.3628887694044
22628,998.3628887694044
22629,998.3628887694044
22630,998.3628887694044
22631,998.3628887694044
22632,998.3628887694044
22633,998.3628887694044
22634,998.3628887694044
22635,998.3628887694044
22636,998.3628887694044
22637,998.3628887694044
22638,998.3628887694044
22639,998.3628887694044
22640,998.3628887694044
22641,998.3628887694044
22642,998.3628887694044
22643,998.3628887694044
22644,998.3628887694044
22645,998.3628887694044
22646,998.3628887694044
22647,998.3628887694044
22648,998.3628887694044
22649,998.3628887694044
22650,998.3628887694044
22651,998.3628887694044
22652,998.3628887694044
22653,998.3628887694044
22654,998.3628887694044
22655,998.3628887694044
22656,998.3628887694044
22657,998.3628887694044
22658,998.3628887694044
22659,998.3628887694044
22660,998.3628887694044
22661,998.3628887694044
22662,998.3628887694044
22663,998.3628887694044
22664,998.3628887694044
22665,998.3628887694044
22666,998.3628887694044
22667,998.3628887694044
22668,998.3628887694044
22669,998.3628887694044
22670,998.3628887694044
22671,998.3628887694044
22672,998.3628887694044
22673,998.3628887694044
22674,998.3628887694044
22675,998.3628887694044
22676,998.3628887694044
22677,998.3628887694044
22678,998.3628887694044
22679,998.3628887694044
22680,998.3628887694044
22681,998.3628887694044
22682,998.3628887694044
22683,998.3628887694044
22684,998.3628887694044
22685,998.3628887694044
22686,998.3628887694044
22687,998.3628887694044
22688,998.3628887694044
22689,998.3628887694044
22690,998.3628887694044
22691,998.3628887694044
22692,998.3628887694044
22693,998.3628887694044
22694,998.3628887694044
22695,998.3628887694044
22696,998.3628887694044
22697,998.3628887694044
22698,998.3628887694044
22699,998.3628887694044
22700,998.3628887694044
22701,998.3628887694044
22702,998.3628887694044
22703,998.3628887694044
22704,998.3628887694044
22705,998.3628887694044
22706,998.3628887694044
22707,998.3628887694044
22708,998.3628887694044
22709,998.3628887694044
22710,998.3628887694044
22711,998.3628887694044
22712,998.3628887694044
22713,998.3628887694044
22714,998.3628887694044
22715,998.3628887694044
22716,998.3628887694044
22717,998.3628887694044
22718,998.3628887694044
22719,998.3628887694044
22720,998.3628887694044
22721,998.3628887694044
22722,998.3628887694044
22723,998.3628887694044
22724,998.3628887694044
22725,998.3628887694044
22726,998.3628887694044
22727,998.3628887694044
22728,998.3628887694044
22729,998.3628887694044
22730,998.3628887694044
22731,998.3628887694044
22732,998.3628887694044
22733,998.3628887694044
22734,998.3628887694044
22735,998.3628887694044
22736,998.3628887694044
22737,998.3628887694044
22738,998.3628887694044
22739,998.3628887694044
22740,998.3628887694044
22741,998.3628887694044
22742,998.3628887694044
22743,998.3628887694044
22744,998.3628887694044
22745,998.3628887694044
22746,998.3628887694044
22747,998.3628887694044
22748,998.3628887694044
22749,998.3628887694044
22750,998.3628887694044
22751,998.3628887694044
22752,998.3628887694044
22753,998.3628887694044
22754,998.3628887694044
22755,998.3628887694044
22756,998.3628887694044
22757,998.3628887694044
22758,998.3628887694044
22759,998.3628887694044
22760,998.3628887694044
22761,998.3628887694044
22762,998.3628887694044
22763,998.3628887694044
22764,998.3628887694044
22765,998.3628887694044
22766,998.3628887694044
22767,998.3628887694044
22768,998.3628887694044
22769,998.3628887694044
22770,998.3628887694044
22771,998.3628887694044
22772,998.3628887694044
22773,998.3628887694044
22774,998.3628887694044
22775,998.3628887694044
22776,998.3628887694044
22777,998.3628887694044
22778,998.3628887694044
22779,998.3628887694044
22780,998.3628887694044
22781,998.3628887694044
22782,998.3628887694044
22783,998.3628887694044
22784,998.3628887694044
22785,998.3628887694044
22786,998.3628887694044
22787,998.3628887694044
22788,998.3628887694044
22789,998.3628887694044
22790,998.3628887694044
22791,998.3628887694044
22792,998.3628887694044
22793,998.3628887694044
22794,998.3628887694044
22795,998.3628887694044
22796,998.3628887694044
22797,998.3628887694044
22798,998.3628887694044
22799,998.3628887694044
22800,998.3628887694044
22801,998.3628887694044
22802,998.3628887694044
22803,998.3628887694044
22804,998.3628887694044
22805,998.3628887694044
22806,998.3628887694044
22807,998.3628887694044
22808,998.3628887694044
22809,998.3628887694044
22810,998.3628887694044
22811,998.3628887694044
22812,998.3628887694044
22813,998.3628887694044
22814,998.3628887694044
22815,998.3628887694044
22816,998.3628887694044
22817,998.3628887694044
22818,998.3628887694044
22819,998.3628887694044
22820,998.3628887694044
22821,998.3628887694044
22822,998.3628887694044
22823,998.3628887694044
22824,998.3628887694044
22825,998.3628887694044
22826,998.3628887694044
22827,998.3628887694044
22828,998.3628887694044
22829,998.3628887694044
22830,998.3628887694044
22831,998.3628887694044
22832,998.3628887694044
22833,998.3628887694044
22834,998.3628887694044
22835,998.3628887694044
22836,998.3628887694044
22837,998.3628887694044
22838,998.3628887694044
22839,998.3628887694044
22840,998.3628887694044
22841,998.3628887694044
22842,998.3628887694044
22843,998.3628887694044
22844,998.3628887694044
22845,998.3628887694044
22846,998.3628887694044
22847,998.3628887694044
22848,998.3628887694044
22849,998.3628887694044
22850,998.3628887694044
22851,998.3628887694044
22852,998.3628887694044
22853,998.3628887694044
22854,998.3628887694044
22855,998.3628887694044
22856,998.3628887694044
22857,998.3628887694044
22858,998.3628887694044
22859,998.3628887694044
22860,998.3628887694044
22861,998.3628887694044
22862,998.3628887694044
22863,998.3628887694044
22864,998.3628887694044
22865,998.3628887694044
22866,998.3628887694044
22867,998.3628887694044
22868,998.3628887694044
22869,998.3628887694044
22870,998.3628887694044
22871,998.3628887694044
22872,998.3628887694044
22873,998.3628887694044
22874,998.3628887694044
22875,998.3628887694044
22876,998.3628887694044
22877,998.3628887694044
22878,998.3628887694044
22879,998.3628887694044
22880,998.3628887694044
22881,998.3628887694044
22882,998.3628887694044
22883,998.3628887694044
22884,998.3628887694044
22885,998.3628887694044
22886,998.3628887694044
22887,998.3628887694044
22888,998.3628887694044
22889,998.3628887694044
22890,998.3628887694044
22891,998.3628887694044
22892,998.3628887694044
22893,998.3628887694044
22894,998.3628887694044
22895,998.3628887694044
22896,998.3628887694044
22897,998.3628887694044
22898,998.3628887694044
22899,998.3628887694044
22900,998.3628887694044
22901,998.3628887694044
22902,998.3628887694044
22903,998.3628887694044
22904,998.3628887694044
22905,998.3628887694044
22906,998.3628887694044
22907,998.3628887694044
22908,998.3628887694044
22909,998.3628887694044
22910,998.3628887694044
22911,998.3628887694044
22912,998.3628887694044
22913,998.3628887694044
22914,998.3628887694044
22915,998.3628887694044
22916,998.3628887694044
22917,998.3628887694044
22918,998.3628887694044
22919,998.3628887694044
22920,998.3628887694044
22921,998.3628887694044
22922,998.3628887694044
22923,998.3628887694044
22924,998.3628887694044
22925,998.3628887694044
22926,998.3628887694044
22927,998.3628887694044
22928,998.3628887694044
22929,998.3628887694044
22930,998.3628887694044
22931,998.3628887694044
22932,998.3628887694044
22933,998.3628887694044
22934,998.3628887694044
22935,998.3628887694044
22936,998.3628887694044
22937,998.3628887694044
22938,998.3628887694044
22939,998.3628887694044
22940,998.3628887694044
22941,998.3628887694044
22942,998.3628887694044
22943,998.3628887694044
22944,998.3628887694044
22945,998.3628887694044
22946,998.3628887694044
22947,998.3628887694044
22948,998.3628887694044
22949,998.3628887694044
22950,998.3628887694044
22951,998.3628887694044
22952,998.3628887694044
22953,998.3628887694044
22954,998.3628887694044
22955,998.3628887694044
22956,998.3628887694044
22957,998.3628887694044
22958,998.3628887694044
22959,998.3628887694044
22960,998.3628887694044
22961,998.3628887694044
22962,998.3628887694044
22963,998.3628887694044
22964,998.3628887694044
22965,998.3628887694044
22966,998.3628887694044
22967,998.3628887694044
22968,998.3628887694044
22969,998.3628887694044
22970,998.3628887694044
22971,998.3628887694044
22972,998.3628887694044
22973,998.3628887694044
22974,998.3628887694044
22975,998.3628887694044
22976,998.3628887694044
22977,998.3628887694044
22978,998.3628887694044
22979,998.3628887694044
22980,998.3628887694044
22981,998.3628887694044
22982,998.3628887694044
22983,998.3628887694044
22984,998.3628887694044
22985,998.3628887694044
22986,998.3628887694044
22987,998.3628887694044
22988,998.3628887694044
22989,998.3628887694044
22990,998.3628887694044
22991,998.3628887694044
22992,998.3628887694044
22993,998.3628887694044
22994,998.3628887694044
22995,998.3628887694044
22996,998.3628887694044
22997,998.3628887694044
22998,998.3628887694044
22999,998.3628887694044
23000,998.3628887694044
23001,998.3628887694044
23002,998.3628887694044
23003,998.3628887694044
23004,998.3628887694044
23005,998.3628887694044
23006,998.3628887694044
23007,998.3628887694044
23008,998.3628887694044
23009,998.3628887694044
23010,998.3628887694044
23011,998.3628887694044
23012,998.3628887694044
23013,998.3628887694044
23014,998.3628887694044
23015,998.3628887694044
23016,998.3628887694044
23017,998.3628887694044
23018,998.3628887694044
23019,998.3628887694044
23020,998.3628887694044
23021,998.3628887694044
23022,998.3628887694044
23023,998.3628887694044
23024,998.3628887694044
23025,998.3628887694044
23026,998.3628887694044
23027,998.3628887694044
23028,998.3628887694044
23029,998.3628887694044
23030,998.3628887694044
23031,998.3628887694044
23032,998.3628887694044
23033,998.3628887694044
23034,998.3628887694044
23035,998.3628887694044
23036,998.3628887694044
23037,998.3628887694044
23038,998.3628887694044
23039,998.3628887694044
23040,998.3628887694044
23041,998.3628887694044
23042,998.3628887694044
23043,998.3628887694044
23044,998.3628887694044
23045,998.3628887694044
23046,998.3628887694044
23047,998.3628887694044
23048,998.3628887694044
23049,998.3628887694044
23050,998.3628887694044
23051,998.3628887694044
23052,998.3628887694044
23053,998.3628887694044
23054,998.3628887694044
23055,998.3628887694044
23056,998.3628887694044
23057,998.3628887694044
23058,998.3628887694044
23059,998.3628887694044
23060,998.3628887694044
23061,998.3628887694044
23062,998.3628887694044
23063,998.3628887694044
23064,998.3628887694044
23065,998.3628887694044
23066,998.3628887694044
23067,998.3628887694044
23068,998.3628887694044
23069,998.3628887694044
23070,998.3628887694044
23071,998.3628887694044
23072,998.3628887694044
23073,998.3628887694044
23074,998.3628887694044
23075,998.3628887694044
23076,998.3628887694044
23077,998.3628887694044
23078,998.3628887694044
23079,998.3628887694044
23080,998.3628887694044
23081,998.3628887694044
23082,998.3628887694044
23083,998.3628887694044
23084,998.3628887694044
23085,998.3628887694044
23086,998.3628887694044
23087,998.3628887694044
23088,998.3628887694044
23089,998.3628887694044
23090,998.3628887694044
23091,998.3628887694044
23092,998.3628887694044
23093,998.3628887694044
23094,998.3628887694044
23095,998.3628887694044
23096,998.3628887694044
23097,998.3628887694044
23098,998.3628887694044
23099,998.3628887694044
23100,998.3628887694044
23101,998.3628887694044
23102,998.3628887694044
23103,998.3628887694044
23104,998.3628887694044
23105,998.3628887694044
23106,998.3628887694044
23107,998.3628887694044
23108,998.3628887694044
23109,998.3628887694044
23110,998.3628887694044
23111,998.3628887694044
23112,998.3628887694044
23113,998.3628887694044
23114,998.3628887694044
23115,998.3628887694044
23116,998.3628887694044
23117,998.3628887694044
23118,998.3628887694044
23119,998.3628887694044
23120,998.3628887694044
23121,998.3628887694044
23122,998.3628887694044
23123,998.3628887694044
23124,998.3628887694044
23125,998.3628887694044
23126,998.3628887694044
23127,998.3628887694044
23128,998.3628887694044
23129,998.3628887694044
23130,998.3628887694044
23131,998.3628887694044
23132,998.3628887694044
23133,998.3628887694044
23134,998.3628887694044
23135,998.3628887694044
23136,998.3628887694044
23137,998.3628887694044
23138,998.3628887694044
23139,998.3628887694044
23140,998.3628887694044
23141,998.3628887694044
23142,998.3628887694044
23143,998.3628887694044
23144,998.3628887694044
23145,998.3628887694044
23146,998.3628887694044
23147,998.3628887694044
23148,998.3628887694044
23149,998.3628887694044
23150,998.3628887694044
23151,998.3628887694044
23152,998.3628887694044
23153,998.3628887694044
23154,998.3628887694044
23155,998.3628887694044
23156,998.3628887694044
23157,998.3628887694044
23158,998.3628887694044
23159,998.3628887694044
23160,998.3628887694044
23161,998.3628887694044
23162,998.3628887694044
23163,998.3628887694044
23164,998.3628887694044
23165,998.3628887694044
23166,998.3628887694044
23167,998.3628887694044
23168,998.3628887694044
23169,998.3628887694044
23170,998.3628887694044
23171,998.3628887694044
23172,998.3628887694044
23173,998.3628887694044
23174,998.3628887694044
23175,998.3628887694044
23176,998.3628887694044
23177,998.3628887694044
23178,998.3628887694044
23179,998.3628887694044
23180,998.3628887694044
23181,998.3628887694044
23182,998.3628887694044
23183,998.3628887694044
23184,998.3628887694044
23185,998.3628887694044
23186,998.3628887694044
23187,998.3628887694044
23188,998.3628887694044
23189,998.3628887694044
23190,998.3628887694044
23191,998.3628887694044
23192,998.3628887694044
23193,998.3628887694044
23194,998.3628887694044
23195,998.3628887694044
23196,998.3628887694044
23197,998.3628887694044
23198,998.3628887694044
23199,998.3628887694044
23200,998.3628887694044
23201,998.3628887694044
23202,998.3628887694044
23203,998.3628887694044
23204,998.3628887694044
23205,998.3628887694044
23206,998.3628887694044
23207,998.3628887694044
23208,998.3628887694044
23209,998.3628887694044
23210,998.3628887694044
23211,998.3628887694044
23212,998.3628887694044
23213,998.3628887694044
23214,998.3628887694044
23215,998.3628887694044
23216,998.3628887694044
23217,998.3628887694044
23218,998.3628887694044
23219,998.3628887694044
23220,998.3628887694044
23221,998.3628887694044
23222,998.3628887694044
23223,998.3628887694044
23224,998.3628887694044
23225,998.3628887694044
23226,998.3628887694044
23227,998.3628887694044
23228,998.3628887694044
23229,998.3628887694044
23230,998.3628887694044
23231,998.3628887694044
23232,998.3628887694044
23233,998.3628887694044
23234,998.3628887694044
23235,998.3628887694044
23236,998.3628887694044
23237,998.3628887694044
23238,998.3628887694044
23239,998.3628887694044
23240,998.3628887694044
23241,998.3628887694044
23242,998.3628887694044
23243,998.3628887694044
23244,998.3628887694044
23245,998.3628887694044
23246,998.3628887694044
23247,998.3628887694044
23248,998.3628887694044
23249,998.3628887694044
23250,998.3628887694044
23251,998.3628887694044
23252,998.3628887694044
23253,998.3628887694044
23254,998.3628887694044
23255,998.3628887694044
23256,998.3628887694044
23257,998.3628887694044
23258,998.3628887694044
23259,998.3628887694044
23260,998.3628887694044
23261,998.3628887694044
23262,998.3628887694044
23263,998.3628887694044
23264,998.3628887694044
23265,998.3628887694044
23266,998.3628887694044
23267,998.3628887694044
23268,998.3628887694044
23269,998.3628887694044
23270,998.3628887694044
23271,998.3628887694044
23272,998.3628887694044
23273,998.3628887694044
23274,998.3628887694044
23275,998.3628887694044
23276,998.3628887694044
23277,998.3628887694044
23278,998.3628887694044
23279,998.3628887694044
23280,998.3628887694044
23281,998.3628887694044
23282,998.3628887694044
23283,998.3628887694044
23284,998.3628887694044
23285,998.3628887694044
23286,998.3628887694044
23287,998.3628887694044
23288,998.3628887694044
23289,998.3628887694044
23290,998.3628887694044
23291,998.3628887694044
23292,998.3628887694044
23293,998.3628887694044
23294,998.3628887694044
23295,998.3628887694044
23296,998.3628887694044
23297,998.3628887694044
23298,998.3628887694044
23299,998.3628887694044
23300,998.3628887694044
23301,998.3628887694044
23302,998.3628887694044
23303,998.3628887694044
23304,998.3628887694044
23305,998.3628887694044
23306,998.3628887694044
23307,998.3628887694044
23308,998.3628887694044
23309,998.3628887694044
23310,998.3628887694044
23311,998.3628887694044
23312,998.3628887694044
23313,998.3628887694044
23314,998.3628887694044
23315,998.3628887694044
23316,998.3628887694044
23317,998.3628887694044
23318,998.3628887694044
23319,998.3628887694044
23320,998.3628887694044
23321,998.3628887694044
23322,998.3628887694044
23323,998.3628887694044
23324,998.3628887694044
23325,998.3628887694044
23326,998.3628887694044
23327,998.3628887694044
23328,998.3628887694044
23329,998.3628887694044
23330,998.3628887694044
23331,998.3628887694044
23332,998.3628887694044
23333,998.3628887694044
23334,998.3628887694044
23335,998.3628887694044
23336,998.3628887694044
23337,998.3628887694044
23338,998.3628887694044
23339,998.3628887694044
23340,998.3628887694044
23341,998.3628887694044
23342,998.3628887694044
23343,998.3628887694044
23344,998.3628887694044
23345,998.3628887694044
23346,998.3628887694044
23347,998.3628887694044
23348,998.3628887694044
23349,998.3628887694044
23350,998.3628887694044
23351,998.3628887694044
23352,998.3628887694044
23353,998.3628887694044
23354,998.3628887694044
23355,998.3628887694044
23356,998.3628887694044
23357,998.3628887694044
23358,998.3628887694044
23359,998.3628887694044
23360,998.3628887694044
23361,998.3628887694044
23362,998.3628887694044
23363,998.3628887694044
23364,998.3628887694044
23365,998.3628887694044
23366,998.3628887694044
23367,998.3628887694044
23368,998.3628887694044
23369,998.3628887694044
23370,998.3628887694044
23371,998.3628887694044
23372,998.3628887694044
23373,998.3628887694044
23374,998.3628887694044
23375,998.3628887694044
23376,998.3628887694044
23377,998.3628887694044
23378,998.3628887694044
23379,998.3628887694044
23380,998.3628887694044
23381,998.3628887694044
23382,998.3628887694044
23383,998.3628887694044
23384,998.3628887694044
23385,998.3628887694044
23386,998.3628887694044
23387,998.3628887694044
23388,998.3628887694044
23389,998.3628887694044
23390,998.3628887694044
23391,998.3628887694044
23392,998.3628887694044
23393,998.3628887694044
23394,998.3628887694044
23395,998.3628887694044
23396,998.3628887694044
23397,998.3628887694044
23398,998.3628887694044
23399,998.3628887694044
23400,998.3628887694044
23401,998.3628887694044
23402,998.3628887694044
23403,998.3628887694044
23404,998.3628887694044
23405,998.3628887694044
23406,998.3628887694044
23407,998.3628887694044
23408,998.3628887694044
23409,998.3628887694044
23410,998.3628887694044
23411,998.3628887694044
23412,998.3628887694044
23413,998.3628887694044
23414,998.3628887694044
23415,998.3628887694044
23416,998.3628887694044
23417,998.3628887694044
23418,998.3628887694044
23419,998.3628887694044
23420,998.3628887694044
23421,998.3628887694044
23422,998.3628887694044
23423,998.3628887694044
23424,998.3628887694044
23425,998.3628887694044
23426,998.3628887694044
23427,998.3628887694044
23428,998.3628887694044
23429,998.3628887694044
23430,998.3628887694044
23431,998.3628887694044
23432,998.3628887694044
23433,998.3628887694044
23434,998.3628887694044
23435,998.3628887694044
23436,998.3628887694044
23437,998.3628887694044
23438,998.3628887694044
23439,998.3628887694044
23440,998.3628887694044
23441,998.3628887694044
23442,998.3628887694044
23443,998.3628887694044
23444,998.3628887694044
23445,998.3628887694044
23446,998.3628887694044
23447,998.3628887694044
23448,998.3628887694044
23449,998.3628887694044
23450,998.3628887694044
23451,998.3628887694044
23452,998.3628887694044
23453,998.3628887694044
23454,998.3628887694044
23455,998.3628887694044
23456,998.3628887694044
23457,998.3628887694044
23458,998.3628887694044
23459,998.3628887694044
23460,998.3628887694044
23461,998.3628887694044
23462,998.3628887694044
23463,998.3628887694044
23464,998.3628887694044
23465,998.3628887694044
23466,998.3628887694044
23467,998.3628887694044
23468,998.3628887694044
23469,998.3628887694044
23470,998.3628887694044
23471,998.3628887694044
23472,998.3628887694044
23473,998.3628887694044
23474,998.3628887694044
23475,998.3628887694044
23476,998.3628887694044
23477,998.3628887694044
23478,998.3628887694044
23479,998.3628887694044
23480,998.3628887694044
23481,998.3628887694044
23482,998.3628887694044
23483,998.3628887694044
23484,998.3628887694044
23485,998.3628887694044
23486,998.3628887694044
23487,998.3628887694044
23488,998.3628887694044
23489,998.3628887694044
23490,998.3628887694044
23491,998.3628887694044
23492,998.3628887694044
23493,998.3628887694044
23494,998.3628887694044
23495,998.3628887694044
23496,998.3628887694044
23497,998.3628887694044
23498,998.3628887694044
23499,998.3628887694044
23500,998.3628887694044
23501,998.3628887694044
23502,998.3628887694044
23503,998.3628887694044
23504,998.3628887694044
23505,998.3628887694044
23506,998.3628887694044
23507,998.3628887694044
23508,998.3628887694044
23509,998.3628887694044
23510,998.3628887694044
23511,998.3628887694044
23512,998.3628887694044
23513,998.3628887694044
23514,998.3628887694044
23515,998.3628887694044
23516,998.3628887694044
23517,998.3628887694044
23518,998.3628887694044
23519,998.3628887694044
23520,998.3628887694044
23521,998.3628887694044
23522,998.3628887694044
23523,998.3628887694044
23524,998.3628887694044
23525,998.3628887694044
23526,998.3628887694044
23527,998.3628887694044
23528,998.3628887694044
23529,998.3628887694044
23530,998.3628887694044
23531,998.3628887694044
23532,998.3628887694044
23533,998.3628887694044
23534,998.3628887694044
23535,998.3628887694044
23536,998.3628887694044
23537,998.3628887694044
23538,998.3628887694044
23539,998.3628887694044
23540,998.3628887694044
23541,998.3628887694044
23542,998.3628887694044
23543,998.3628887694044
23544,998.3628887694044
23545,998.3628887694044
23546,998.3628887694044
23547,998.3628887694044
23548,998.3628887694044
23549,998.3628887694044
23550,998.3628887694044
23551,998.3628887694044
23552,998.3628887694044
23553,998.3628887694044
23554,998.3628887694044
23555,998.3628887694044
23556,998.3628887694044
23557,998.3628887694044
23558,998.3628887694044
23559,998.3628887694044
23560,998.3628887694044
23561,998.3628887694044
23562,998.3628887694044
23563,998.3628887694044
23564,998.3628887694044
23565,998.3628887694044
23566,998.3628887694044
23567,998.3628887694044
23568,998.3628887694044
23569,998.3628887694044
23570,998.3628887694044
23571,998.3628887694044
23572,998.3628887694044
23573,998.3628887694044
23574,998.3628887694044
23575,998.3628887694044
23576,998.3628887694044
23577,998.3628887694044
23578,998.3628887694044
23579,998.3628887694044
23580,998.3628887694044
23581,998.3628887694044
23582,998.3628887694044
23583,998.3628887694044
23584,998.3628887694044
23585,998.3628887694044
23586,998.3628887694044
23587,998.3628887694044
23588,998.3628887694044
23589,998.3628887694044
23590,998.3628887694044
23591,998.3628887694044
23592,998.3628887694044
23593,998.3628887694044
23594,998.3628887694044
23595,998.3628887694044
23596,998.3628887694044
23597,998.3628887694044
23598,998.3628887694044
23599,998.3628887694044
23600,998.3628887694044
23601,998.3628887694044
23602,998.3628887694044
23603,998.3628887694044
23604,998.3628887694044
23605,998.3628887694044
23606,998.3628887694044
23607,998.3628887694044
23608,998.3628887694044
23609,998.3628887694044
23610,998.3628887694044
23611,998.3628887694044
23612,998.3628887694044
23613,998.3628887694044
23614,998.3628887694044
23615,998.3628887694044
23616,998.3628887694044
23617,998.3628887694044
23618,998.3628887694044
23619,998.3628887694044
23620,998.3628887694044
23621,998.3628887694044
23622,998.3628887694044
23623,998.3628887694044
23624,998.3628887694044
23625,998.3628887694044
23626,998.3628887694044
23627,998.3628887694044
23628,998.3628887694044
23629,998.3628887694044
23630,998.3628887694044
23631,998.3628887694044
23632,998.3628887694044
23633,998.3628887694044
23634,998.3628887694044
23635,998.3628887694044
23636,998.3628887694044
23637,998.3628887694044
23638,998.3628887694044
23639,998.3628887694044
23640,998.3628887694044
23641,998.3628887694044
23642,998.3628887694044
23643,998.3628887694044
23644,998.3628887694044
23645,998.3628887694044
23646,998.3628887694044
23647,998.3628887694044
23648,998.3628887694044
23649,998.3628887694044
23650,998.3628887694044
23651,998.3628887694044
23652,998.3628887694044
23653,998.3628887694044
23654,998.3628887694044
23655,998.3628887694044
23656,998.3628887694044
23657,998.3628887694044
23658,998.3628887694044
23659,998.3628887694044
23660,998.3628887694044
23661,998.3628887694044
23662,998.3628887694044
23663,998.3628887694044
23664,998.3628887694044
23665,998.3628887694044
23666,998.3628887694044
23667,998.3628887694044
23668,998.3628887694044
23669,998.3628887694044
23670,998.3628887694044
23671,998.3628887694044
23672,998.3628887694044
23673,998.3628887694044
23674,998.3628887694044
23675,998.3628887694044
23676,998.3628887694044
23677,998.3628887694044
23678,998.3628887694044
23679,998.3628887694044
23680,998.3628887694044
23681,998.3628887694044
23682,998.3628887694044
23683,998.3628887694044
23684,998.3628887694044
23685,998.3628887694044
23686,998.3628887694044
23687,998.3628887694044
23688,998.3628887694044
23689,998.3628887694044
23690,998.3628887694044
23691,998.3628887694044
23692,998.3628887694044
23693,998.3628887694044
23694,998.3628887694044
23695,998.3628887694044
23696,998.3628887694044
23697,998.3628887694044
23698,998.3628887694044
23699,998.3628887694044
23700,998.3628887694044
23701,998.3628887694044
23702,998.3628887694044
23703,998.3628887694044
23704,998.3628887694044
23705,998.3628887694044
23706,998.3628887694044
23707,998.3628887694044
23708,998.3628887694044
23709,998.3628887694044
23710,998.3628887694044
23711,998.3628887694044
23712,998.3628887694044
23713,998.3628887694044
23714,998.3628887694044
23715,998.3628887694044
23716,998.3628887694044
23717,998.3628887694044
23718,998.3628887694044
23719,998.3628887694044
23720,998.3628887694044
23721,998.3628887694044
23722,998.3628887694044
23723,998.3628887694044
23724,998.3628887694044
23725,998.3628887694044
23726,998.3628887694044
23727,998.3628887694044
23728,998.3628887694044
23729,998.3628887694044
23730,998.3628887694044
23731,998.3628887694044
23732,998.3628887694044
23733,998.3628887694044
23734,998.3628887694044
23735,998.3628887694044
23736,998.3628887694044
23737,998.3628887694044
23738,998.3628887694044
23739,998.3628887694044
23740,998.3628887694044
23741,998.3628887694044
23742,998.3628887694044
23743,998.3628887694044
23744,998.3628887694044
23745,998.3628887694044
23746,998.3628887694044
23747,998.3628887694044
23748,998.3628887694044
23749,998.3628887694044
23750,998.3628887694044
23751,998.3628887694044
23752,998.3628887694044
23753,998.3628887694044
23754,998.3628887694044
23755,998.3628887694044
23756,998.3628887694044
23757,998.3628887694044
23758,998.3628887694044
23759,998.3628887694044
23760,998.3628887694044
23761,998.3628887694044
23762,998.3628887694044
23763,998.3628887694044
23764,998.3628887694044
23765,998.3628887694044
23766,998.3628887694044
23767,998.3628887694044
23768,998.3628887694044
23769,998.3628887694044
23770,998.3628887694044
23771,998.3628887694044
23772,998.3628887694044
23773,998.3628887694044
23774,998.3628887694044
23775,998.3628887694044
23776,998.3628887694044
23777,998.3628887694044
23778,998.3628887694044
23779,998.3628887694044
23780,998.3628887694044
23781,998.3628887694044
23782,998.3628887694044
23783,998.3628887694044
23784,998.3628887694044
23785,998.3628887694044
23786,998.3628887694044
23787,998.3628887694044
23788,998.3628887694044
23789,998.3628887694044
23790,998.3628887694044
23791,998.3628887694044
23792,998.3628887694044
23793,998.3628887694044
23794,998.3628887694044
23795,998.3628887694044
23796,998.3628887694044
23797,998.3628887694044
23798,998.3628887694044
23799,998.3628887694044
23800,998.3628887694044
23801,998.3628887694044
23802,998.3628887694044
23803,998.3628887694044
23804,998.3628887694044
23805,998.3628887694044
23806,998.3628887694044
23807,998.3628887694044
23808,998.3628887694044
23809,998.3628887694044
23810,998.3628887694044
23811,998.3628887694044
23812,998.3628887694044
23813,998.3628887694044
23814,998.3628887694044
23815,998.3628887694044
23816,998.3628887694044
23817,998.3628887694044
23818,998.3628887694044
23819,998.3628887694044
23820,998.3628887694044
23821,998.3628887694044
23822,998.3628887694044
23823,998.3628887694044
23824,998.3628887694044
23825,998.3628887694044
23826,998.3628887694044
23827,998.3628887694044
23828,998.3628887694044
23829,998.3628887694044
23830,998.3628887694044
23831,998.3628887694044
23832,998.3628887694044
23833,998.3628887694044
23834,998.3628887694044
23835,998.3628887694044
23836,998.3628887694044
23837,998.3628887694044
23838,998.3628887694044
23839,998.3628887694044
23840,998.3628887694044
23841,998.3628887694044
23842,998.3628887694044
23843,998.3628887694044
23844,998.3628887694044
23845,998.3628887694044
23846,998.3628887694044
23847,998.3628887694044
23848,998.3628887694044
23849,998.3628887694044
23850,998.3628887694044
23851,998.3628887694044
23852,998.3628887694044
23853,998.3628887694044
23854,998.3628887694044
23855,998.3628887694044
23856,998.3628887694044
23857,998.3628887694044
23858,998.3628887694044
23859,998.3628887694044
23860,998.3628887694044
23861,998.3628887694044
23862,998.3628887694044
23863,998.3628887694044
23864,998.3628887694044
23865,998.3628887694044
23866,998.3628887694044
23867,998.3628887694044
23868,998.3628887694044
23869,998.3628887694044
23870,998.3628887694044
23871,998.3628887694044
23872,998.3628887694044
23873,998.3628887694044
23874,998.3628887694044
23875,998.3628887694044
23876,998.3628887694044
23877,998.3628887694044
23878,998.3628887694044
23879,998.3628887694044
23880,998.3628887694044
23881,998.3628887694044
23882,998.3628887694044
23883,998.3628887694044
23884,998.3628887694044
23885,998.3628887694044
23886,998.3628887694044
23887,998.3628887694044
23888,998.3628887694044
23889,998.3628887694044
23890,998.3628887694044
23891,998.3628887694044
23892,998.3628887694044
23893,998.3628887694044
23894,998.3628887694044
23895,998.3628887694044
23896,998.3628887694044
23897,998.3628887694044
23898,998.3628887694044
23899,998.3628887694044
23900,998.3628887694044
23901,998.3628887694044
23902,998.3628887694044
23903,998.3628887694044
23904,998.3628887694044
23905,998.3628887694044
23906,998.3628887694044
23907,998.3628887694044
23908,998.3628887694044
23909,998.3628887694044
23910,998.3628887694044
23911,998.3628887694044
23912,998.3628887694044
23913,998.3628887694044
23914,998.3628887694044
23915,998.3628887694044
23916,998.3628887694044
23917,998.3628887694044
23918,998.3628887694044
23919,998.3628887694044
23920,998.3628887694044
23921,998.3628887694044
23922,998.3628887694044
23923,998.3628887694044
23924,998.3628887694044
23925,998.3628887694044
23926,998.3628887694044
23927,998.3628887694044
23928,998.3628887694044
23929,998.3628887694044
23930,998.3628887694044
23931,998.3628887694044
23932,998.3628887694044
23933,998.3628887694044
23934,998.3628887694044
23935,998.3628887694044
23936,998.3628887694044
23937,998.3628887694044
23938,998.3628887694044
23939,998.3628887694044
23940,998.3628887694044
23941,998.3628887694044
23942,998.3628887694044
23943,998.3628887694044
23944,998.3628887694044
23945,998.3628887694044
23946,998.3628887694044
23947,998.3628887694044
23948,998.3628887694044
23949,998.3628887694044
23950,998.3628887694044
23951,998.3628887694044
23952,998.3628887694044
23953,998.3628887694044
23954,998.3628887694044
23955,998.3628887694044
23956,998.3628887694044
23957,998.3628887694044
23958,998.3628887694044
23959,998.3628887694044
23960,998.3628887694044
23961,998.3628887694044
23962,998.3628887694044
23963,998.3628887694044
23964,998.3628887694044
23965,998.3628887694044
23966,998.3628887694044
23967,998.3628887694044
23968,998.3628887694044
23969,998.3628887694044
23970,998.3628887694044
23971,998.3628887694044
23972,998.3628887694044
23973,998.3628887694044
23974,998.3628887694044
23975,998.3628887694044
23976,998.3628887694044
23977,998.3628887694044
23978,998.3628887694044
23979,998.3628887694044
23980,998.3628887694044
23981,998.3628887694044
23982,998.3628887694044
23983,998.3628887694044
23984,998.3628887694044
23985,998.3628887694044
23986,998.3628887694044
23987,998.3628887694044
23988,998.3628887694044
23989,998.3628887694044
23990,998.3628887694044
23991,998.3628887694044
23992,998.3628887694044
23993,998.3628887694044
23994,998.3628887694044
23995,998.3628887694044
23996,998.3628887694044
23997,998.3628887694044
23998,998.3628887694044
23999,998.3628887694044
24000,998.3628887694044
24001,998.3628887694044
24002,998.3628887694044
24003,998.3628887694044
24004,998.3628887694044
24005,998.3628887694044
24006,998.3628887694044
24007,998.3628887694044
24008,998.3628887694044
24009,998.3628887694044
24010,998.3628887694044
24011,998.3628887694044
24012,998.3628887694044
24013,998.3628887694044
24014,998.3628887694044
24015,998.3628887694044
24016,998.3628887694044
24017,998.3628887694044
24018,998.3628887694044
24019,998.3628887694044
24020,998.3628887694044
24021,998.3628887694044
24022,998.3628887694044
24023,998.3628887694044
24024,998.3628887694044
24025,998.3628887694044
24026,998.3628887694044
24027,998.3628887694044
24028,998.3628887694044
24029,998.3628887694044
24030,998.3628887694044
24031,998.3628887694044
24032,998.3628887694044
24033,998.3628887694044
24034,998.3628887694044
24035,998.3628887694044
24036,998.3628887694044
24037,998.3628887694044
24038,998.3628887694044
24039,998.3628887694044
24040,998.3628887694044
24041,998.3628887694044
24042,998.3628887694044
24043,998.3628887694044
24044,998.3628887694044
24045,998.3628887694044
24046,998.3628887694044
24047,998.3628887694044
24048,998.3628887694044
24049,998.3628887694044
24050,998.3628887694044
24051,998.3628887694044
24052,998.3628887694044
24053,998.3628887694044
24054,998.3628887694044
24055,998.3628887694044
24056,998.3628887694044
24057,998.3628887694044
24058,998.3628887694044
24059,998.3628887694044
24060,998.3628887694044
24061,998.3628887694044
24062,998.3628887694044
24063,998.3628887694044
24064,998.3628887694044
24065,998.3628887694044
24066,998.3628887694044
24067,998.3628887694044
24068,998.3628887694044
24069,998.3628887694044
24070,998.3628887694044
24071,998.3628887694044
24072,998.3628887694044
24073,998.3628887694044
24074,998.3628887694044
24075,998.3628887694044
24076,998.3628887694044
24077,998.3628887694044
24078,998.3628887694044
24079,998.3628887694044
24080,998.3628887694044
24081,998.3628887694044
24082,998.3628887694044
24083,998.3628887694044
24084,998.3628887694044
24085,998.3628887694044
24086,998.3628887694044
24087,998.3628887694044
24088,998.3628887694044
24089,998.3628887694044
24090,998.3628887694044
24091,998.3628887694044
24092,998.3628887694044
24093,998.3628887694044
24094,998.3628887694044
24095,998.3628887694044
24096,998.3628887694044
24097,998.3628887694044
24098,998.3628887694044
24099,998.3628887694044
24100,998.3628887694044
24101,998.3628887694044
24102,998.3628887694044
24103,998.3628887694044
24104,998.3628887694044
24105,998.3628887694044
24106,998.3628887694044
24107,998.3628887694044
24108,998.3628887694044
24109,998.3628887694044
24110,998.3628887694044
24111,998.3628887694044
24112,998.3628887694044
24113,998.3628887694044
24114,998.3628887694044
24115,998.3628887694044
24116,998.3628887694044
24117,998.3628887694044
24118,998.3628887694044
24119,998.3628887694044
24120,998.3628887694044
24121,998.3628887694044
24122,998.3628887694044
24123,998.3628887694044
24124,998.3628887694044
24125,998.3628887694044
24126,998.3628887694044
24127,998.3628887694044
24128,998.3628887694044
24129,998.3628887694044
24130,998.3628887694044
24131,998.3628887694044
24132,998.3628887694044
24133,998.3628887694044
24134,998.3628887694044
24135,998.3628887694044
24136,998.3628887694044
24137,998.3628887694044
24138,998.3628887694044
24139,998.3628887694044
24140,998.3628887694044
24141,998.3628887694044
24142,998.3628887694044
24143,998.3628887694044
24144,998.3628887694044
24145,998.3628887694044
24146,998.3628887694044
24147,998.3628887694044
24148,998.3628887694044
24149,998.3628887694044
24150,998.3628887694044
24151,998.3628887694044
24152,998.3628887694044
24153,998.3628887694044
24154,998.3628887694044
24155,998.3628887694044
24156,998.3628887694044
24157,998.3628887694044
24158,998.3628887694044
24159,998.3628887694044
24160,998.3628887694044
24161,998.3628887694044
24162,998.3628887694044
24163,998.3628887694044
24164,998.3628887694044
24165,998.3628887694044
24166,998.3628887694044
24167,998.3628887694044
24168,998.3628887694044
24169,998.3628887694044
24170,998.3628887694044
24171,998.3628887694044
24172,998.3628887694044
24173,998.3628887694044
24174,998.3628887694044
24175,998.3628887694044
24176,998.3628887694044
24177,998.3628887694044
24178,998.3628887694044
24179,998.3628887694044
24180,998.3628887694044
24181,998.3628887694044
24182,998.3628887694044
24183,998.3628887694044
24184,998.3628887694044
24185,998.3628887694044
24186,998.3628887694044
24187,998.3628887694044
24188,998.3628887694044
24189,998.3628887694044
24190,998.3628887694044
24191,998.3628887694044
24192,998.3628887694044
24193,998.3628887694044
24194,998.3628887694044
24195,998.3628887694044
24196,998.3628887694044
24197,998.3628887694044
24198,998.3628887694044
24199,998.3628887694044
24200,998.3628887694044
24201,998.3628887694044
24202,998.3628887694044
24203,998.3628887694044
24204,998.3628887694044
24205,998.3628887694044
24206,998.3628887694044
24207,998.3628887694044
24208,998.3628887694044
24209,998.3628887694044
24210,998.3628887694044
24211,998.3628887694044
24212,998.3628887694044
24213,998.3628887694044
24214,998.3628887694044
24215,998.3628887694044
24216,998.3628887694044
24217,998.3628887694044
24218,998.3628887694044
24219,998.3628887694044
24220,998.3628887694044
24221,998.3628887694044
24222,998.3628887694044
24223,998.3628887694044
24224,998.3628887694044
24225,998.3628887694044
24226,998.3628887694044
24227,998.3628887694044
24228,998.3628887694044
24229,998.3628887694044
24230,998.3628887694044
24231,998.3628887694044
24232,998.3628887694044
24233,998.3628887694044
24234,998.3628887694044
24235,998.3628887694044
24236,998.3628887694044
24237,998.3628887694044
24238,998.3628887694044
24239,998.3628887694044
24240,998.3628887694044
24241,998.3628887694044
24242,998.3628887694044
24243,998.3628887694044
24244,998.3628887694044
24245,998.3628887694044
24246,998.3628887694044
24247,998.3628887694044
24248,998.3628887694044
24249,998.3628887694044
24250,998.3628887694044
24251,998.3628887694044
24252,998.3628887694044
24253,998.3628887694044
24254,998.3628887694044
24255,998.3628887694044
24256,998.3628887694044
24257,998.3628887694044
24258,998.3628887694044
24259,998.3628887694044
24260,998.3628887694044
24261,998.3628887694044
24262,998.3628887694044
24263,998.3628887694044
24264,998.3628887694044
24265,998.3628887694044
24266,998.3628887694044
24267,998.3628887694044
24268,998.3628887694044
24269,998.3628887694044
24270,998.3628887694044
24271,998.3628887694044
24272,998.3628887694044
24273,998.3628887694044
24274,998.3628887694044
24275,998.3628887694044
24276,998.3628887694044
24277,998.3628887694044
24278,998.3628887694044
24279,998.3628887694044
24280,998.3628887694044
24281,998.3628887694044
24282,998.3628887694044
24283,998.3628887694044
24284,998.3628887694044
24285,998.3628887694044
24286,998.3628887694044
24287,998.3628887694044
24288,998.3628887694044
24289,998.3628887694044
24290,998.3628887694044
24291,998.3628887694044
24292,998.3628887694044
24293,998.3628887694044
24294,998.3628887694044
24295,998.3628887694044
24296,998.3628887694044
24297,998.3628887694044
24298,998.3628887694044
24299,998.3628887694044
24300,998.3628887694044
24301,998.3628887694044
24302,998.3628887694044
24303,998.3628887694044
24304,998.3628887694044
24305,998.3628887694044
24306,998.3628887694044
24307,998.3628887694044
24308,998.3628887694044
24309,998.3628887694044
24310,998.3628887694044
24311,998.3628887694044
24312,998.3628887694044
24313,998.3628887694044
24314,998.3628887694044
24315,998.3628887694044
24316,998.3628887694044
24317,998.3628887694044
24318,998.3628887694044
24319,998.3628887694044
24320,998.3628887694044
24321,998.3628887694044
24322,998.3628887694044
24323,998.3628887694044
24324,998.3628887694044
24325,998.3628887694044
24326,998.3628887694044
24327,998.3628887694044
24328,998.3628887694044
24329,998.3628887694044
24330,998.3628887694044
24331,998.3628887694044
24332,998.3628887694044
24333,998.3628887694044
24334,998.3628887694044
24335,998.3628887694044
24336,998.3628887694044
24337,998.3628887694044
24338,998.3628887694044
24339,998.3628887694044
24340,998.3628887694044
24341,998.3628887694044
24342,998.3628887694044
24343,998.3628887694044
24344,998.3628887694044
24345,998.3628887694044
24346,998.3628887694044
24347,998.3628887694044
24348,998.3628887694044
24349,998.3628887694044
24350,998.3628887694044
24351,998.3628887694044
24352,998.3628887694044
24353,998.3628887694044
24354,998.3628887694044
24355,998.3628887694044
24356,998.3628887694044
24357,998.3628887694044
24358,998.3628887694044
24359,998.3628887694044
24360,998.3628887694044
24361,998.3628887694044
24362,998.3628887694044
24363,998.3628887694044
24364,998.3628887694044
24365,998.3628887694044
24366,998.3628887694044
24367,998.3628887694044
24368,998.3628887694044
24369,998.3628887694044
24370,998.3628887694044
24371,998.3628887694044
24372,998.3628887694044
24373,998.3628887694044
24374,998.3628887694044
24375,998.3628887694044
24376,998.3628887694044
24377,998.3628887694044
24378,998.3628887694044
24379,998.3628887694044
24380,998.3628887694044
24381,998.3628887694044
24382,998.3628887694044
24383,998.3628887694044
24384,998.3628887694044
24385,998.3628887694044
24386,998.3628887694044
24387,998.3628887694044
24388,998.3628887694044
24389,998.3628887694044
24390,998.3628887694044
24391,998.3628887694044
24392,998.3628887694044
24393,998.3628887694044
24394,998.3628887694044
24395,998.3628887694044
24396,998.3628887694044
24397,998.3628887694044
24398,998.3628887694044
24399,998.3628887694044
24400,998.3628887694044
24401,998.3628887694044
24402,998.3628887694044
24403,998.3628887694044
24404,998.3628887694044
24405,998.3628887694044
24406,998.3628887694044
24407,998.3628887694044
24408,998.3628887694044
24409,998.3628887694044
24410,998.3628887694044
24411,998.3628887694044
24412,998.3628887694044
24413,998.3628887694044
24414,998.3628887694044
24415,998.3628887694044
24416,998.3628887694044
24417,998.3628887694044
24418,998.3628887694044
24419,998.3628887694044
24420,998.3628887694044
24421,998.3628887694044
24422,998.3628887694044
24423,998.3628887694044
24424,998.3628887694044
24425,998.3628887694044
24426,998.3628887694044
24427,998.3628887694044
24428,998.3628887694044
24429,998.3628887694044
24430,998.3628887694044
24431,998.3628887694044
24432,998.3628887694044
24433,998.3628887694044
24434,998.3628887694044
24435,998.3628887694044
24436,998.3628887694044
24437,998.3628887694044
24438,998.3628887694044
24439,998.3628887694044
24440,998.3628887694044
24441,998.3628887694044
24442,998.3628887694044
24443,998.3628887694044
24444,998.3628887694044
24445,998.3628887694044
24446,998.3628887694044
24447,998.3628887694044
24448,998.3628887694044
24449,998.3628887694044
24450,998.3628887694044
24451,998.3628887694044
24452,998.3628887694044
24453,998.3628887694044
24454,998.3628887694044
24455,998.3628887694044
24456,998.3628887694044
24457,998.3628887694044
24458,998.3628887694044
24459,998.3628887694044
24460,998.3628887694044
24461,998.3628887694044
24462,998.3628887694044
24463,998.3628887694044
24464,998.3628887694044
24465,998.3628887694044
24466,998.3628887694044
24467,998.3628887694044
24468,998.3628887694044
24469,998.3628887694044
24470,998.3628887694044
24471,998.3628887694044
24472,998.3628887694044
24473,998.3628887694044
24474,998.3628887694044
24475,998.3628887694044
24476,998.3628887694044
24477,998.3628887694044
24478,998.3628887694044
24479,998.3628887694044
24480,998.3628887694044
24481,998.3628887694044
24482,998.3628887694044
24483,998.3628887694044
24484,998.3628887694044
24485,998.3628887694044
24486,998.3628887694044
24487,998.3628887694044
24488,998.3628887694044
24489,998.3628887694044
24490,998.3628887694044
24491,998.3628887694044
24492,998.3628887694044
24493,998.3628887694044
24494,998.3628887694044
24495,998.3628887694044
24496,998.3628887694044
24497,998.3628887694044
24498,998.3628887694044
24499,998.3628887694044
24500,998.3628887694044
24501,998.3628887694044
24502,998.3628887694044
24503,998.3628887694044
24504,998.3628887694044
24505,998.3628887694044
24506,998.3628887694044
24507,998.3628887694044
24508,998.3628887694044
24509,998.3628887694044
24510,998.3628887694044
24511,998.3628887694044
24512,998.3628887694044
24513,998.3628887694044
24514,998.3628887694044
24515,998.3628887694044
24516,998.3628887694044
24517,998.3628887694044
24518,998.3628887694044
24519,998.3628887694044
24520,998.3628887694044
24521,998.3628887694044
24522,998.3628887694044
24523,998.3628887694044
24524,998.3628887694044
24525,998.3628887694044
24526,998.3628887694044
24527,998.3628887694044
24528,998.3628887694044
24529,998.3628887694044
24530,998.3628887694044
24531,998.3628887694044
24532,998.3628887694044
24533,998.3628887694044
24534,998.3628887694044
24535,998.3628887694044
24536,998.3628887694044
24537,998.3628887694044
24538,998.3628887694044
24539,998.3628887694044
24540,998.3628887694044
24541,998.3628887694044
24542,998.3628887694044
24543,998.3628887694044
24544,998.3628887694044
24545,998.3628887694044
24546,998.3628887694044
24547,998.3628887694044
24548,998.3628887694044
24549,998.3628887694044
24550,998.3628887694044
24551,998.3628887694044
24552,998.3628887694044
24553,998.3628887694044
24554,998.3628887694044
24555,998.3628887694044
24556,998.3628887694044
24557,998.3628887694044
24558,998.3628887694044
24559,998.3628887694044
24560,998.3628887694044
24561,998.3628887694044
24562,998.3628887694044
24563,998.3628887694044
24564,998.3628887694044
24565,998.3628887694044
24566,998.3628887694044
24567,998.3628887694044
24568,998.3628887694044
24569,998.3628887694044
24570,998.3628887694044
24571,998.3628887694044
24572,998.3628887694044
24573,998.3628887694044
24574,998.3628887694044
24575,998.3628887694044
24576,998.3628887694044
24577,998.3628887694044
24578,998.3628887694044
24579,998.3628887694044
24580,998.3628887694044
24581,998.3628887694044
24582,998.3628887694044
24583,998.3628887694044
24584,998.3628887694044
24585,998.3628887694044
24586,998.3628887694044
24587,998.3628887694044
24588,998.3628887694044
24589,998.3628887694044
24590,998.3628887694044
24591,998.3628887694044
24592,998.3628887694044
24593,998.3628887694044
24594,998.3628887694044
24595,998.3628887694044
24596,998.3628887694044
24597,998.3628887694044
24598,998.3628887694044
24599,998.3628887694044
24600,998.3628887694044
24601,998.3628887694044
24602,998.3628887694044
24603,998.3628887694044
24604,998.3628887694044
24605,998.3628887694044
24606,998.3628887694044
24607,998.3628887694044
24608,998.3628887694044
24609,998.3628887694044
24610,998.3628887694044
24611,998.3628887694044
24612,998.3628887694044
24613,998.3628887694044
24614,998.3628887694044
24615,998.3628887694044
24616,998.3628887694044
24617,998.3628887694044
24618,998.3628887694044
24619,998.3628887694044
24620,998.3628887694044
24621,998.3628887694044
24622,998.3628887694044
24623,998.3628887694044
24624,998.3628887694044
24625,998.3628887694044
24626,998.3628887694044
24627,998.3628887694044
24628,998.3628887694044
24629,998.3628887694044
24630,998.3628887694044
24631,998.3628887694044
24632,998.3628887694044
24633,998.3628887694044
24634,998.3628887694044
24635,998.3628887694044
24636,998.3628887694044
24637,998.3628887694044
24638,998.3628887694044
24639,998.3628887694044
24640,998.3628887694044
24641,998.3628887694044
24642,998.3628887694044
24643,998.3628887694044
24644,998.3628887694044
24645,998.3628887694044
24646,998.3628887694044
24647,998.3628887694044
24648,998.3628887694044
24649,998.3628887694044
24650,998.3628887694044
24651,998.3628887694044
24652,998.3628887694044
24653,998.3628887694044
24654,998.3628887694044
24655,998.3628887694044
24656,998.3628887694044
24657,998.3628887694044
24658,998.3628887694044
24659,998.3628887694044
24660,998.3628887694044
24661,998.3628887694044
24662,998.3628887694044
24663,998.3628887694044
24664,998.3628887694044
24665,998.3628887694044
24666,998.3628887694044
24667,998.3628887694044
24668,998.3628887694044
24669,998.3628887694044
24670,998.3628887694044
24671,998.3628887694044
24672,998.3628887694044
24673,998.3628887694044
24674,998.3628887694044
24675,998.3628887694044
24676,998.3628887694044
24677,998.3628887694044
24678,998.3628887694044
24679,998.3628887694044
24680,998.3628887694044
24681,998.3628887694044
24682,998.3628887694044
24683,998.3628887694044
24684,998.3628887694044
24685,998.3628887694044
24686,998.3628887694044
24687,998.3628887694044
24688,998.3628887694044
24689,998.3628887694044
24690,998.3628887694044
24691,998.3628887694044
24692,998.3628887694044
24693,998.3628887694044
24694,998.3628887694044
24695,998.3628887694044
24696,998.3628887694044
24697,998.3628887694044
24698,998.3628887694044
24699,998.3628887694044
24700,998.3628887694044
24701,998.3628887694044
24702,998.3628887694044
24703,998.3628887694044
24704,998.3628887694044
24705,998.3628887694044
24706,998.3628887694044
24707,998.3628887694044
24708,998.3628887694044
24709,998.3628887694044
24710,998.3628887694044
24711,998.3628887694044
24712,998.3628887694044
24713,998.3628887694044
24714,998.3628887694044
24715,998.3628887694044
24716,998.3628887694044
24717,998.3628887694044
24718,998.3628887694044
24719,998.3628887694044
24720,998.3628887694044
24721,998.3628887694044
24722,998.3628887694044
24723,998.3628887694044
24724,998.3628887694044
24725,998.3628887694044
24726,998.3628887694044
24727,998.3628887694044
24728,998.3628887694044
24729,998.3628887694044
24730,998.3628887694044
24731,998.3628887694044
24732,998.3628887694044
24733,998.3628887694044
24734,998.3628887694044
24735,998.3628887694044
24736,998.3628887694044
24737,998.3628887694044
24738,998.3628887694044
24739,998.3628887694044
24740,998.3628887694044
24741,998.3628887694044
24742,998.3628887694044
24743,998.3628887694044
24744,998.3628887694044
24745,998.3628887694044
24746,998.3628887694044
24747,998.3628887694044
24748,998.3628887694044
24749,998.3628887694044
24750,998.3628887694044
24751,998.3628887694044
24752,998.3628887694044
24753,998.3628887694044
24754,998.3628887694044
24755,998.3628887694044
24756,998.3628887694044
24757,998.3628887694044
24758,998.3628887694044
24759,998.3628887694044
24760,998.3628887694044
24761,998.3628887694044
24762,998.3628887694044
24763,998.3628887694044
24764,998.3628887694044
24765,998.3628887694044
24766,998.3628887694044
24767,998.3628887694044
24768,998.3628887694044
24769,998.3628887694044
24770,998.3628887694044
24771,998.3628887694044
24772,998.3628887694044
24773,998.3628887694044
24774,998.3628887694044
24775,998.3628887694044
24776,998.3628887694044
24777,998.3628887694044
24778,998.3628887694044
24779,998.3628887694044
24780,998.3628887694044
24781,998.3628887694044
24782,998.3628887694044
24783,998.3628887694044
24784,998.3628887694044
24785,998.3628887694044
24786,998.3628887694044
24787,998.3628887694044
24788,998.3628887694044
24789,998.3628887694044
24790,998.3628887694044
24791,998.3628887694044
24792,998.3628887694044
24793,998.3628887694044
24794,998.3628887694044
24795,998.3628887694044
24796,998.3628887694044
24797,998.3628887694044
24798,998.3628887694044
24799,998.3628887694044
24800,998.3628887694044
24801,998.3628887694044
24802,998.3628887694044
24803,998.3628887694044
24804,998.3628887694044
24805,998.3628887694044
24806,998.3628887694044
24807,998.3628887694044
24808,998.3628887694044
24809,998.3628887694044
24810,998.3628887694044
24811,998.3628887694044
24812,998.3628887694044
24813,998.3628887694044
24814,998.3628887694044
24815,998.3628887694044
24816,998.3628887694044
24817,998.3628887694044
24818,998.3628887694044
24819,998.3628887694044
24820,998.3628887694044
24821,998.3628887694044
24822,998.3628887694044
24823,998.3628887694044
24824,998.3628887694044
24825,998.3628887694044
24826,998.3628887694044
24827,998.3628887694044
24828,998.3628887694044
24829,998.3628887694044
24830,998.3628887694044
24831,998.3628887694044
24832,998.3628887694044
24833,998.3628887694044
24834,998.3628887694044
24835,998.3628887694044
24836,998.3628887694044
24837,998.3628887694044
24838,998.3628887694044
24839,998.3628887694044
24840,998.3628887694044
24841,998.3628887694044
24842,998.3628887694044
24843,998.3628887694044
24844,998.3628887694044
24845,998.3628887694044
24846,998.3628887694044
24847,998.3628887694044
24848,998.3628887694044
24849,998.3628887694044
24850,998.3628887694044
24851,998.3628887694044
24852,998.3628887694044
24853,998.3628887694044
24854,998.3628887694044
24855,998.3628887694044
24856,998.3628887694044
24857,998.3628887694044
24858,998.3628887694044
24859,998.3628887694044
24860,998.3628887694044
24861,998.3628887694044
24862,998.3628887694044
24863,998.3628887694044
24864,998.3628887694044
24865,998.3628887694044
24866,998.3628887694044
24867,998.3628887694044
24868,998.3628887694044
24869,998.3628887694044
24870,998.3628887694044
24871,998.3628887694044
24872,998.3628887694044
24873,998.3628887694044
24874,998.3628887694044
24875,998.3628887694044
24876,998.3628887694044
24877,998.3628887694044
24878,998.3628887694044
24879,998.3628887694044
24880,998.3628887694044
24881,998.3628887694044
24882,998.3628887694044
24883,998.3628887694044
24884,998.3628887694044
24885,998.3628887694044
24886,998.3628887694044
24887,998.3628887694044
24888,998.3628887694044
24889,998.3628887694044
24890,998.3628887694044
24891,998.3628887694044
24892,998.3628887694044
24893,998.3628887694044
24894,998.3628887694044
24895,998.3628887694044
24896,998.3628887694044
24897,998.3628887694044
24898,998.3628887694044
24899,998.3628887694044
24900,998.3628887694044
24901,998.3628887694044
24902,998.3628887694044
24903,998.3628887694044
24904,998.3628887694044
24905,998.3628887694044
24906,998.3628887694044
24907,998.3628887694044
24908,998.3628887694044
24909,998.3628887694044
24910,998.3628887694044
24911,998.3628887694044
24912,998.3628887694044
24913,998.3628887694044
24914,998.3628887694044
24915,998.3628887694044
24916,998.3628887694044
24917,998.3628887694044
24918,998.3628887694044
24919,998.3628887694044
24920,998.3628887694044
24921,998.3628887694044
24922,998.3628887694044
24923,998.3628887694044
24924,998.3628887694044
24925,998.3628887694044
24926,998.3628887694044
24927,998.3628887694044
24928,998.3628887694044
24929,998.3628887694044
24930,998.3628887694044
24931,998.3628887694044
24932,998.3628887694044
24933,998.3628887694044
24934,998.3628887694044
24935,998.3628887694044
24936,998.3628887694044
24937,998.3628887694044
24938,998.3628887694044
24939,998.3628887694044
24940,998.3628887694044
24941,998.3628887694044
24942,998.3628887694044
24943,998.3628887694044
24944,998.3628887694044
24945,998.3628887694044
24946,998.3628887694044
24947,998.3628887694044
24948,998.3628887694044
24949,998.3628887694044
24950,998.3628887694044
24951,998.3628887694044
24952,998.3628887694044
24953,998.3628887694044
24954,998.3628887694044
24955,998.3628887694044
24956,998.3628887694044
24957,998.3628887694044
24958,998.3628887694044
24959,998.3628887694044
24960,998.3628887694044
24961,998.3628887694044
24962,998.3628887694044
24963,998.3628887694044
24964,998.3628887694044
24965,998.3628887694044
24966,998.3628887694044
24967,998.3628887694044
24968,998.3628887694044
24969,998.3628887694044
24970,998.3628887694044
24971,998.3628887694044
24972,998.3628887694044
24973,998.3628887694044
24974,998.3628887694044
24975,998.3628887694044
24976,998.3628887694044
24977,998.3628887694044
24978,998.3628887694044
24979,998.3628887694044
24980,998.3628887694044
24981,998.3628887694044
24982,998.3628887694044
24983,998.3628887694044
24984,998.3628887694044
24985,998.3628887694044
24986,998.3628887694044
24987,998.3628887694044
24988,998.3628887694044
24989,998.3628887694044
24990,998.3628887694044
24991,998.3628887694044
24992,998.3628887694044
24993,998.3628887694044
24994,998.3628887694044
24995,998.3628887694044
24996,998.3628887694044
24997,998.3628887694044
24998,998.3628887694044
24999,998.3628887694044
25000,998.3628887694044
25001,998.3628887694044
25002,998.3628887694044
25003,998.3628887694044
25004,998.3628887694044
25005,998.3628887694044
25006,998.3628887694044
25007,998.3628887694044
25008,998.3628887694044
25009,998.3628887694044
25010,998.3628887694044
25011,998.3628887694044
25012,998.3628887694044
25013,998.3628887694044
25014,998.3628887694044
25015,998.3628887694044
25016,998.3628887694044
25017,998.3628887694044
25018,998.3628887694044
25019,998.3628887694044
25020,998.3628887694044
25021,998.3628887694044
25022,998.3628887694044
25023,998.3628887694044
25024,998.3628887694044
25025,998.3628887694044
25026,998.3628887694044
25027,998.3628887694044
25028,998.3628887694044
25029,998.3628887694044
25030,998.3628887694044
25031,998.3628887694044
25032,998.3628887694044
25033,998.3628887694044
25034,998.3628887694044
25035,998.3628887694044
25036,998.3628887694044
25037,998.3628887694044
25038,998.3628887694044
25039,998.3628887694044
25040,998.3628887694044
25041,998.3628887694044
25042,998.3628887694044
25043,998.3628887694044
25044,998.3628887694044
25045,998.3628887694044
25046,998.3628887694044
25047,998.3628887694044
25048,998.3628887694044
25049,998.3628887694044
25050,998.3628887694044
25051,998.3628887694044
25052,998.3628887694044
25053,998.3628887694044
25054,998.3628887694044
25055,998.3628887694044
25056,998.3628887694044
25057,998.3628887694044
25058,998.3628887694044
25059,998.3628887694044
25060,998.3628887694044
25061,998.3628887694044
25062,998.3628887694044
25063,998.3628887694044
25064,998.3628887694044
25065,998.3628887694044
25066,998.3628887694044
25067,998.3628887694044
25068,998.3628887694044
25069,998.3628887694044
25070,998.3628887694044
25071,998.3628887694044
25072,998.3628887694044
25073,998.3628887694044
25074,998.3628887694044
25075,998.3628887694044
25076,998.3628887694044
25077,998.3628887694044
25078,998.3628887694044
25079,998.3628887694044
25080,998.3628887694044
25081,998.3628887694044
25082,998.3628887694044
25083,998.3628887694044
25084,998.3628887694044
25085,998.3628887694044
25086,998.3628887694044
25087,998.3628887694044
25088,998.3628887694044
25089,998.3628887694044
25090,998.3628887694044
25091,998.3628887694044
25092,998.3628887694044
25093,998.3628887694044
25094,998.3628887694044
25095,998.3628887694044
25096,998.3628887694044
25097,998.3628887694044
25098,998.3628887694044
25099,998.3628887694044
25100,998.3628887694044
25101,998.3628887694044
25102,998.3628887694044
25103,998.3628887694044
25104,998.3628887694044
25105,998.3628887694044
25106,998.3628887694044
25107,998.3628887694044
25108,998.3628887694044
25109,998.3628887694044
25110,998.3628887694044
25111,998.3628887694044
25112,998.3628887694044
25113,998.3628887694044
25114,998.3628887694044
25115,998.3628887694044
25116,998.3628887694044
25117,998.3628887694044
25118,998.3628887694044
25119,998.3628887694044
25120,998.3628887694044
25121,998.3628887694044
25122,998.3628887694044
25123,998.3628887694044
25124,998.3628887694044
25125,998.3628887694044
25126,998.3628887694044
25127,998.3628887694044
25128,998.3628887694044
25129,998.3628887694044
25130,998.3628887694044
25131,998.3628887694044
25132,998.3628887694044
25133,998.3628887694044
25134,998.3628887694044
25135,998.3628887694044
25136,998.3628887694044
25137,998.3628887694044
25138,998.3628887694044
25139,998.3628887694044
25140,998.3628887694044
25141,998.3628887694044
25142,998.3628887694044
25143,998.3628887694044
25144,998.3628887694044
25145,998.3628887694044
25146,998.3628887694044
25147,998.3628887694044
25148,998.3628887694044
25149,998.3628887694044
25150,998.3628887694044
25151,998.3628887694044
25152,998.3628887694044
25153,998.3628887694044
25154,998.3628887694044
25155,998.3628887694044
25156,998.3628887694044
25157,998.3628887694044
25158,998.3628887694044
25159,998.3628887694044
25160,998.3628887694044
25161,998.3628887694044
25162,998.3628887694044
25163,998.3628887694044
25164,998.3628887694044
25165,998.3628887694044
25166,998.3628887694044
25167,998.3628887694044
25168,998.3628887694044
25169,998.3628887694044
25170,998.3628887694044
25171,998.3628887694044
25172,998.3628887694044
25173,998.3628887694044
25174,998.3628887694044
25175,998.3628887694044
25176,998.3628887694044
25177,998.3628887694044
25178,998.3628887694044
25179,998.3628887694044
25180,998.3628887694044
25181,998.3628887694044
25182,998.3628887694044
25183,998.3628887694044
25184,998.3628887694044
25185,998.3628887694044
25186,998.3628887694044
25187,998.3628887694044
25188,998.3628887694044
25189,998.3628887694044
25190,998.3628887694044
25191,998.3628887694044
25192,998.3628887694044
25193,998.3628887694044
25194,998.3628887694044
25195,998.3628887694044
25196,998.3628887694044
25197,998.3628887694044
25198,998.3628887694044
25199,998.3628887694044
25200,998.3628887694044
25201,998.3628887694044
25202,998.3628887694044
25203,998.3628887694044
25204,998.3628887694044
25205,998.3628887694044
25206,998.3628887694044
25207,998.3628887694044
25208,998.3628887694044
25209,998.3628887694044
25210,998.3628887694044
25211,998.3628887694044
25212,998.3628887694044
25213,998.3628887694044
25214,998.3628887694044
25215,998.3628887694044
25216,998.3628887694044
25217,998.3628887694044
25218,998.3628887694044
25219,998.3628887694044
25220,998.3628887694044
25221,998.3628887694044
25222,998.3628887694044
25223,998.3628887694044
25224,998.3628887694044
25225,998.3628887694044
25226,998.3628887694044
25227,998.3628887694044
25228,998.3628887694044
25229,998.3628887694044
25230,998.3628887694044
25231,998.3628887694044
25232,998.3628887694044
25233,998.3628887694044
25234,998.3628887694044
25235,998.3628887694044
25236,998.3628887694044
25237,998.3628887694044
25238,998.3628887694044
25239,998.3628887694044
25240,998.3628887694044
25241,998.3628887694044
25242,998.3628887694044
25243,998.3628887694044
25244,998.3628887694044
25245,998.3628887694044
25246,998.3628887694044
25247,998.3628887694044
25248,998.3628887694044
25249,998.3628887694044
25250,998.3628887694044
25251,998.3628887694044
25252,998.3628887694044
25253,998.3628887694044
25254,998.3628887694044
25255,998.3628887694044
25256,998.3628887694044
25257,998.3628887694044
25258,998.3628887694044
25259,998.3628887694044
25260,998.3628887694044
25261,998.3628887694044
25262,998.3628887694044
25263,998.3628887694044
25264,998.3628887694044
25265,998.3628887694044
25266,998.3628887694044
25267,998.3628887694044
25268,998.3628887694044
25269,998.3628887694044
25270,998.3628887694044
25271,998.3628887694044
25272,998.3628887694044
25273,998.3628887694044
25274,998.3628887694044
25275,998.3628887694044
25276,998.3628887694044
25277,998.3628887694044
25278,998.3628887694044
25279,998.3628887694044
25280,998.3628887694044
25281,998.3628887694044
25282,998.3628887694044
25283,998.3628887694044
25284,998.3628887694044
25285,998.3628887694044
25286,998.3628887694044
25287,998.3628887694044
25288,998.3628887694044
25289,998.3628887694044
25290,998.3628887694044
25291,998.3628887694044
25292,998.3628887694044
25293,998.3628887694044
25294,998.3628887694044
25295,998.3628887694044
25296,998.3628887694044
25297,998.3628887694044
25298,998.3628887694044
25299,998.3628887694044
25300,998.3628887694044
25301,998.3628887694044
25302,998.3628887694044
25303,998.3628887694044
25304,998.3628887694044
25305,998.3628887694044
25306,998.3628887694044
25307,998.3628887694044
25308,998.3628887694044
25309,998.3628887694044
25310,998.3628887694044
25311,998.3628887694044
25312,998.3628887694044
25313,998.3628887694044
25314,998.3628887694044
25315,998.3628887694044
25316,998.3628887694044
25317,998.3628887694044
25318,998.3628887694044
25319,998.3628887694044
25320,998.3628887694044
25321,998.3628887694044
25322,998.3628887694044
25323,998.3628887694044
25324,998.3628887694044
25325,998.3628887694044
25326,998.3628887694044
25327,998.3628887694044
25328,998.3628887694044
25329,998.3628887694044
25330,998.3628887694044
25331,998.3628887694044
25332,998.3628887694044
25333,998.3628887694044
25334,998.3628887694044
25335,998.3628887694044
25336,998.3628887694044
25337,998.3628887694044
25338,998.3628887694044
25339,998.3628887694044
25340,998.3628887694044
25341,998.3628887694044
25342,998.3628887694044
25343,998.3628887694044
25344,998.3628887694044
25345,998.3628887694044
25346,998.3628887694044
25347,998.3628887694044
25348,998.3628887694044
25349,998.3628887694044
25350,998.3628887694044
25351,998.3628887694044
25352,998.3628887694044
25353,998.3628887694044
25354,998.3628887694044
25355,998.3628887694044
25356,998.3628887694044
25357,998.3628887694044
25358,998.3628887694044
25359,998.3628887694044
25360,998.3628887694044
25361,998.3628887694044
25362,998.3628887694044
25363,998.3628887694044
25364,998.3628887694044
25365,998.3628887694044
25366,998.3628887694044
25367,998.3628887694044
25368,998.3628887694044
25369,998.3628887694044
25370,998.3628887694044
25371,998.3628887694044
25372,998.3628887694044
25373,998.3628887694044
25374,998.3628887694044
25375,998.3628887694044
25376,998.3628887694044
25377,998.3628887694044
25378,998.3628887694044
25379,998.3628887694044
25380,998.3628887694044
25381,998.3628887694044
25382,998.3628887694044
25383,998.3628887694044
25384,998.3628887694044
25385,998.3628887694044
25386,998.3628887694044
25387,998.3628887694044
25388,998.3628887694044
25389,998.3628887694044
25390,998.3628887694044
25391,998.3628887694044
25392,998.3628887694044
25393,998.3628887694044
25394,998.3628887694044
25395,998.3628887694044
25396,998.3628887694044
25397,998.3628887694044
25398,998.3628887694044
25399,998.3628887694044
25400,998.3628887694044
25401,998.3628887694044
25402,998.3628887694044
25403,998.3628887694044
25404,998.3628887694044
25405,998.3628887694044
25406,998.3628887694044
25407,998.3628887694044
25408,998.3628887694044
25409,998.3628887694044
25410,998.3628887694044
25411,998.3628887694044
25412,998.3628887694044
25413,998.3628887694044
25414,998.3628887694044
25415,998.3628887694044
25416,998.3628887694044
25417,998.3628887694044
25418,998.3628887694044
25419,998.3628887694044
25420,998.3628887694044
25421,998.3628887694044
25422,998.3628887694044
25423,998.3628887694044
25424,998.3628887694044
25425,998.3628887694044
25426,998.3628887694044
25427,998.3628887694044
25428,998.3628887694044
25429,998.3628887694044
25430,998.3628887694044
25431,998.3628887694044
25432,998.3628887694044
25433,998.3628887694044
25434,998.3628887694044
25435,998.3628887694044
25436,998.3628887694044
25437,998.3628887694044
25438,998.3628887694044
25439,998.3628887694044
25440,998.3628887694044
25441,998.3628887694044
25442,998.3628887694044
25443,998.3628887694044
25444,998.3628887694044
25445,998.3628887694044
25446,998.3628887694044
25447,998.3628887694044
25448,998.3628887694044
25449,998.3628887694044
25450,998.3628887694044
25451,998.3628887694044
25452,998.3628887694044
25453,998.3628887694044
25454,998.3628887694044
25455,998.3628887694044
25456,998.3628887694044
25457,998.3628887694044
25458,998.3628887694044
25459,998.3628887694044
25460,998.3628887694044
25461,998.3628887694044
25462,998.3628887694044
25463,998.3628887694044
25464,998.3628887694044
25465,998.3628887694044
25466,998.3628887694044
25467,998.3628887694044
25468,998.3628887694044
25469,998.3628887694044
25470,998.3628887694044
25471,998.3628887694044
25472,998.3628887694044
25473,998.3628887694044
25474,998.3628887694044
25475,998.3628887694044
25476,998.3628887694044
25477,998.3628887694044
25478,998.3628887694044
25479,998.3628887694044
25480,998.3628887694044
25481,998.3628887694044
25482,998.3628887694044
25483,998.3628887694044
25484,998.3628887694044
25485,998.3628887694044
25486,998.3628887694044
25487,998.3628887694044
25488,998.3628887694044
25489,998.3628887694044
25490,998.3628887694044
25491,998.3628887694044
25492,998.3628887694044
25493,998.3628887694044
25494,998.3628887694044
25495,998.3628887694044
25496,998.3628887694044
25497,998.3628887694044
25498,998.3628887694044
25499,998.3628887694044
25500,998.3628887694044
25501,998.3628887694044
25502,998.3628887694044
25503,998.3628887694044
25504,998.3628887694044
25505,998.3628887694044
25506,998.3628887694044
25507,998.3628887694044
25508,998.3628887694044
25509,998.3628887694044
25510,998.3628887694044
25511,998.3628887694044
25512,998.3628887694044
25513,998.3628887694044
25514,998.3628887694044
25515,998.3628887694044
25516,998.3628887694044
25517,998.3628887694044
25518,998.3628887694044
25519,998.3628887694044
25520,998.3628887694044
25521,998.3628887694044
25522,998.3628887694044
25523,998.3628887694044
25524,998.3628887694044
25525,998.3628887694044
25526,998.3628887694044
25527,998.3628887694044
25528,998.3628887694044
25529,998.3628887694044
25530,998.3628887694044
25531,998.3628887694044
25532,998.3628887694044
25533,998.3628887694044
25534,998.3628887694044
25535,998.3628887694044
25536,998.3628887694044
25537,998.3628887694044
25538,998.3628887694044
25539,998.3628887694044
25540,998.3628887694044
25541,998.3628887694044
25542,998.3628887694044
25543,998.3628887694044
25544,998.3628887694044
25545,998.3628887694044
25546,998.3628887694044
25547,998.3628887694044
25548,998.3628887694044
25549,998.3628887694044
25550,998.3628887694044
25551,998.3628887694044
25552,998.3628887694044
25553,998.3628887694044
25554,998.3628887694044
25555,998.3628887694044
25556,998.3628887694044
25557,998.3628887694044
25558,998.3628887694044
25559,998.3628887694044
25560,998.3628887694044
25561,998.3628887694044
25562,998.3628887694044
25563,998.3628887694044
25564,998.3628887694044
25565,998.3628887694044
25566,998.3628887694044
25567,998.3628887694044
25568,998.3628887694044
25569,998.3628887694044
25570,998.3628887694044
25571,998.3628887694044
25572,998.3628887694044
25573,998.3628887694044
25574,998.3628887694044
25575,998.3628887694044
25576,998.3628887694044
25577,998.3628887694044
25578,998.3628887694044
25579,998.3628887694044
25580,998.3628887694044
25581,998.3628887694044
25582,998.3628887694044
25583,998.3628887694044
25584,998.3628887694044
25585,998.3628887694044
25586,998.3628887694044
25587,998.3628887694044
25588,998.3628887694044
25589,998.3628887694044
25590,998.3628887694044
25591,998.3628887694044
25592,998.3628887694044
25593,998.3628887694044
25594,998.3628887694044
25595,998.3628887694044
25596,998.3628887694044
25597,998.3628887694044
25598,998.3628887694044
25599,998.3628887694044
25600,998.3628887694044
25601,998.3628887694044
25602,998.3628887694044
25603,998.3628887694044
25604,998.3628887694044
25605,998.3628887694044
25606,998.3628887694044
25607,998.3628887694044
25608,998.3628887694044
25609,998.3628887694044
25610,998.3628887694044
25611,998.3628887694044
25612,998.3628887694044
25613,998.3628887694044
25614,998.3628887694044
25615,998.3628887694044
25616,998.3628887694044
25617,998.3628887694044
25618,998.3628887694044
25619,998.3628887694044
25620,998.3628887694044
25621,998.3628887694044
25622,998.3628887694044
25623,998.3628887694044
25624,998.3628887694044
25625,998.3628887694044
25626,998.3628887694044
25627,998.3628887694044
25628,998.3628887694044
25629,998.3628887694044
25630,998.3628887694044
25631,998.3628887694044
25632,998.3628887694044
25633,998.3628887694044
25634,998.3628887694044
25635,998.3628887694044
25636,998.3628887694044
25637,998.3628887694044
25638,998.3628887694044
25639,998.3628887694044
25640,998.3628887694044
25641,998.3628887694044
25642,998.3628887694044
25643,998.3628887694044
25644,998.3628887694044
25645,998.3628887694044
25646,998.3628887694044
25647,998.3628887694044
25648,998.3628887694044
25649,998.3628887694044
25650,998.3628887694044
25651,998.3628887694044
25652,998.3628887694044
25653,998.3628887694044
25654,998.3628887694044
25655,998.3628887694044
25656,998.3628887694044
25657,998.3628887694044
25658,998.3628887694044
25659,998.3628887694044
25660,998.3628887694044
25661,998.3628887694044
25662,998.3628887694044
25663,998.3628887694044
25664,998.3628887694044
25665,998.3628887694044
25666,998.3628887694044
25667,998.3628887694044
25668,998.3628887694044
25669,998.3628887694044
25670,998.3628887694044
25671,998.3628887694044
25672,998.3628887694044
25673,998.3628887694044
25674,998.3628887694044
25675,998.3628887694044
25676,998.3628887694044
25677,998.3628887694044
25678,998.3628887694044
25679,998.3628887694044
25680,998.3628887694044
25681,998.3628887694044
25682,998.3628887694044
25683,998.3628887694044
25684,998.3628887694044
25685,998.3628887694044
25686,998.3628887694044
25687,998.3628887694044
25688,998.3628887694044
25689,998.3628887694044
25690,998.3628887694044
25691,998.3628887694044
25692,998.3628887694044
25693,998.3628887694044
25694,998.3628887694044
25695,998.3628887694044
25696,998.3628887694044
25697,998.3628887694044
25698,998.3628887694044
25699,998.3628887694044
25700,998.3628887694044
25701,998.3628887694044
25702,998.3628887694044
25703,998.3628887694044
25704,998.3628887694044
25705,998.3628887694044
25706,998.3628887694044
25707,998.3628887694044
25708,998.3628887694044
25709,998.3628887694044
25710,998.3628887694044
25711,998.3628887694044
25712,998.3628887694044
25713,998.3628887694044
25714,998.3628887694044
25715,998.3628887694044
25716,998.3628887694044
25717,998.3628887694044
25718,998.3628887694044
25719,998.3628887694044
25720,998.3628887694044
25721,998.3628887694044
25722,998.3628887694044
25723,998.3628887694044
25724,998.3628887694044
25725,998.3628887694044
25726,998.3628887694044
25727,998.3628887694044
25728,998.3628887694044
25729,998.3628887694044
25730,998.3628887694044
25731,998.3628887694044
25732,998.3628887694044
25733,998.3628887694044
25734,998.3628887694044
25735,998.3628887694044
25736,998.3628887694044
25737,998.3628887694044
25738,998.3628887694044
25739,998.3628887694044
25740,998.3628887694044
25741,998.3628887694044
25742,998.3628887694044
25743,998.3628887694044
25744,998.3628887694044
25745,998.3628887694044
25746,998.3628887694044
25747,998.3628887694044
25748,998.3628887694044
25749,998.3628887694044
25750,998.3628887694044
25751,998.3628887694044
25752,998.3628887694044
25753,998.3628887694044
25754,998.3628887694044
25755,998.3628887694044
25756,998.3628887694044
25757,998.3628887694044
25758,998.3628887694044
25759,998.3628887694044
25760,998.3628887694044
25761,998.3628887694044
25762,998.3628887694044
25763,998.3628887694044
25764,998.3628887694044
25765,998.3628887694044
25766,998.3628887694044
25767,998.3628887694044
25768,998.3628887694044
25769,998.3628887694044
25770,998.3628887694044
25771,998.3628887694044
25772,998.3628887694044
25773,998.3628887694044
25774,998.3628887694044
25775,998.3628887694044
25776,998.3628887694044
25777,998.3628887694044
25778,998.3628887694044
25779,998.3628887694044
25780,998.3628887694044
25781,998.3628887694044
25782,998.3628887694044
25783,998.3628887694044
25784,998.3628887694044
25785,998.3628887694044
25786,998.3628887694044
25787,998.3628887694044
25788,998.3628887694044
25789,998.3628887694044
25790,998.3628887694044
25791,998.3628887694044
25792,998.3628887694044
25793,998.3628887694044
25794,998.3628887694044
25795,998.3628887694044
25796,998.3628887694044
25797,998.3628887694044
25798,998.3628887694044
25799,998.3628887694044
25800,998.3628887694044
25801,998.3628887694044
25802,998.3628887694044
25803,998.3628887694044
25804,998.3628887694044
25805,998.3628887694044
25806,998.3628887694044
25807,998.3628887694044
25808,998.3628887694044
25809,998.3628887694044
25810,998.3628887694044
25811,998.3628887694044
25812,998.3628887694044
25813,998.3628887694044
25814,998.3628887694044
25815,998.3628887694044
25816,998.3628887694044
25817,998.3628887694044
25818,998.3628887694044
25819,998.3628887694044
25820,998.3628887694044
25821,998.3628887694044
25822,998.3628887694044
25823,998.3628887694044
25824,998.3628887694044
25825,998.3628887694044
25826,998.3628887694044
25827,998.3628887694044
25828,998.3628887694044
25829,998.3628887694044
25830,998.3628887694044
25831,998.3628887694044
25832,998.3628887694044
25833,998.3628887694044
25834,998.3628887694044
25835,998.3628887694044
25836,998.3628887694044
25837,998.3628887694044
25838,998.3628887694044
25839,998.3628887694044
25840,998.3628887694044
25841,998.3628887694044
25842,998.3628887694044
25843,998.3628887694044
25844,998.3628887694044
25845,998.3628887694044
25846,998.3628887694044
25847,998.3628887694044
25848,998.3628887694044
25849,998.3628887694044
25850,998.3628887694044
25851,998.3628887694044
25852,998.3628887694044
25853,998.3628887694044
25854,998.3628887694044
25855,998.3628887694044
25856,998.3628887694044
25857,998.3628887694044
25858,998.3628887694044
25859,998.3628887694044
25860,998.3628887694044
25861,998.3628887694044
25862,998.3628887694044
25863,998.3628887694044
25864,998.3628887694044
25865,998.3628887694044
25866,998.3628887694044
25867,998.3628887694044
25868,998.3628887694044
25869,998.3628887694044
25870,998.3628887694044
25871,998.3628887694044
25872,998.3628887694044
25873,998.3628887694044
25874,998.3628887694044
25875,998.3628887694044
25876,998.3628887694044
25877,998.3628887694044
25878,998.3628887694044
25879,998.3628887694044
25880,998.3628887694044
25881,998.3628887694044
25882,998.3628887694044
25883,998.3628887694044
25884,998.3628887694044
25885,998.3628887694044
25886,998.3628887694044
25887,998.3628887694044
25888,998.3628887694044
25889,998.3628887694044
25890,998.3628887694044
25891,998.3628887694044
25892,998.3628887694044
25893,998.3628887694044
25894,998.3628887694044
25895,998.3628887694044
25896,998.3628887694044
25897,998.3628887694044
25898,998.3628887694044
25899,998.3628887694044
25900,998.3628887694044
25901,998.3628887694044
25902,998.3628887694044
25903,998.3628887694044
25904,998.3628887694044
25905,998.3628887694044
25906,998.3628887694044
25907,998.3628887694044
25908,998.3628887694044
25909,998.3628887694044
25910,998.3628887694044
25911,998.3628887694044
25912,998.3628887694044
25913,998.3628887694044
25914,998.3628887694044
25915,998.3628887694044
25916,998.3628887694044
25917,998.3628887694044
25918,998.3628887694044
25919,998.3628887694044
25920,998.3628887694044
25921,998.3628887694044
25922,998.3628887694044
25923,998.3628887694044
25924,998.3628887694044
25925,998.3628887694044
25926,998.3628887694044
25927,998.3628887694044
25928,998.3628887694044
25929,998.3628887694044
25930,998.3628887694044
25931,998.3628887694044
25932,998.3628887694044
25933,998.3628887694044
25934,998.3628887694044
25935,998.3628887694044
25936,998.3628887694044
25937,998.3628887694044
25938,998.3628887694044
25939,998.3628887694044
25940,998.3628887694044
25941,998.3628887694044
25942,998.3628887694044
25943,998.3628887694044
25944,998.3628887694044
25945,998.3628887694044
25946,998.3628887694044
25947,998.3628887694044
25948,998.3628887694044
25949,998.3628887694044
25950,998.3628887694044
25951,998.3628887694044
25952,998.3628887694044
25953,998.3628887694044
25954,998.3628887694044
25955,998.3628887694044
25956,998.3628887694044
25957,998.3628887694044
25958,998.3628887694044
25959,998.3628887694044
25960,998.3628887694044
25961,998.3628887694044
25962,998.3628887694044
25963,998.3628887694044
25964,998.3628887694044
25965,998.3628887694044
25966,998.3628887694044
25967,998.3628887694044
25968,998.3628887694044
25969,998.3628887694044
25970,998.3628887694044
25971,998.3628887694044
25972,998.3628887694044
25973,998.3628887694044
25974,998.3628887694044
25975,998.3628887694044
25976,998.3628887694044
25977,998.3628887694044
25978,998.3628887694044
25979,998.3628887694044
25980,998.3628887694044
25981,998.3628887694044
25982,998.3628887694044
25983,998.3628887694044
25984,998.3628887694044
25985,998.3628887694044
25986,998.3628887694044
25987,998.3628887694044
25988,998.3628887694044
25989,998.3628887694044
25990,998.3628887694044
25991,998.3628887694044
25992,998.3628887694044
25993,998.3628887694044
25994,998.3628887694044
25995,998.3628887694044
25996,998.3628887694044
25997,998.3628887694044
25998,998.3628887694044
25999,998.3628887694044
26000,998.3628887694044
26001,998.3628887694044
26002,998.3628887694044
26003,998.3628887694044
26004,998.3628887694044
26005,998.3628887694044
26006,998.3628887694044
26007,998.3628887694044
26008,998.3628887694044
26009,998.3628887694044
26010,998.3628887694044
26011,998.3628887694044
26012,998.3628887694044
26013,998.3628887694044
26014,998.3628887694044
26015,998.3628887694044
26016,998.3628887694044
26017,998.3628887694044
26018,998.3628887694044
26019,998.3628887694044
26020,998.3628887694044
26021,998.3628887694044
26022,998.3628887694044
26023,998.3628887694044
26024,998.3628887694044
26025,998.3628887694044
26026,998.3628887694044
26027,998.3628887694044
26028,998.3628887694044
26029,998.3628887694044
26030,998.3628887694044
26031,998.3628887694044
26032,998.3628887694044
26033,998.3628887694044
26034,998.3628887694044
26035,998.3628887694044
26036,998.3628887694044
26037,998.3628887694044
26038,998.3628887694044
26039,998.3628887694044
26040,998.3628887694044
26041,998.3628887694044
26042,998.3628887694044
26043,998.3628887694044
26044,998.3628887694044
26045,998.3628887694044
26046,998.3628887694044
26047,998.3628887694044
26048,998.3628887694044
26049,998.3628887694044
26050,998.3628887694044
26051,998.3628887694044
26052,998.3628887694044
26053,998.3628887694044
26054,998.3628887694044
26055,998.3628887694044
26056,998.3628887694044
26057,998.3628887694044
26058,998.3628887694044
26059,998.3628887694044
26060,998.3628887694044
26061,998.3628887694044
26062,998.3628887694044
26063,998.3628887694044
26064,998.3628887694044
26065,998.3628887694044
26066,998.3628887694044
26067,998.3628887694044
26068,998.3628887694044
26069,998.3628887694044
26070,998.3628887694044
26071,998.3628887694044
26072,998.3628887694044
26073,998.3628887694044
26074,998.3628887694044
26075,998.3628887694044
26076,998.3628887694044
26077,998.3628887694044
26078,998.3628887694044
26079,998.3628887694044
26080,998.3628887694044
26081,998.3628887694044
26082,998.3628887694044
26083,998.3628887694044
26084,998.3628887694044
26085,998.3628887694044
26086,998.3628887694044
26087,998.3628887694044
26088,998.3628887694044
26089,998.3628887694044
26090,998.3628887694044
26091,998.3628887694044
26092,998.3628887694044
26093,998.3628887694044
26094,998.3628887694044
26095,998.3628887694044
26096,998.3628887694044
26097,998.3628887694044
26098,998.3628887694044
26099,998.3628887694044
26100,998.3628887694044
26101,998.3628887694044
26102,998.3628887694044
26103,998.3628887694044
26104,998.3628887694044
26105,998.3628887694044
26106,998.3628887694044
26107,998.3628887694044
26108,998.3628887694044
26109,998.3628887694044
26110,998.3628887694044
26111,998.3628887694044
26112,998.3628887694044
26113,998.3628887694044
26114,998.3628887694044
26115,998.3628887694044
26116,998.3628887694044
26117,998.3628887694044
26118,998.3628887694044
26119,998.3628887694044
26120,998.3628887694044
26121,998.3628887694044
26122,998.3628887694044
26123,998.3628887694044
26124,998.3628887694044
26125,998.3628887694044
26126,998.3628887694044
26127,998.3628887694044
26128,998.3628887694044
26129,998.3628887694044
26130,998.3628887694044
26131,998.3628887694044
26132,998.3628887694044
26133,998.3628887694044
26134,998.3628887694044
26135,998.3628887694044
26136,998.3628887694044
26137,998.3628887694044
26138,998.3628887694044
26139,998.3628887694044
26140,998.3628887694044
26141,998.3628887694044
26142,998.3628887694044
26143,998.3628887694044
26144,998.3628887694044
26145,998.3628887694044
26146,998.3628887694044
26147,998.3628887694044
26148,998.3628887694044
26149,998.3628887694044
26150,998.3628887694044
26151,998.3628887694044
26152,998.3628887694044
26153,998.3628887694044
26154,998.3628887694044
26155,998.3628887694044
26156,998.3628887694044
26157,998.3628887694044
26158,998.3628887694044
26159,998.3628887694044
26160,998.3628887694044
26161,998.3628887694044
26162,998.3628887694044
26163,998.3628887694044
26164,998.3628887694044
26165,998.3628887694044
26166,998.3628887694044
26167,998.3628887694044
26168,998.3628887694044
26169,998.3628887694044
26170,998.3628887694044
26171,998.3628887694044
26172,998.3628887694044
26173,998.3628887694044
26174,998.3628887694044
26175,998.3628887694044
26176,998.3628887694044
26177,998.3628887694044
26178,998.3628887694044
26179,998.3628887694044
26180,998.3628887694044
26181,998.3628887694044
26182,998.3628887694044
26183,998.3628887694044
26184,998.3628887694044
26185,998.3628887694044
26186,998.3628887694044
26187,998.3628887694044
26188,998.3628887694044
26189,998.3628887694044
26190,998.3628887694044
26191,998.3628887694044
26192,998.3628887694044
26193,998.3628887694044
26194,998.3628887694044
26195,998.3628887694044
26196,998.3628887694044
26197,998.3628887694044
26198,998.3628887694044
26199,998.3628887694044
26200,998.3628887694044
26201,998.3628887694044
26202,998.3628887694044
26203,998.3628887694044
26204,998.3628887694044
26205,998.3628887694044
26206,998.3628887694044
26207,998.3628887694044
26208,998.3628887694044
26209,998.3628887694044
26210,998.3628887694044
26211,998.3628887694044
26212,998.3628887694044
26213,998.3628887694044
26214,998.3628887694044
26215,998.3628887694044
26216,998.3628887694044
26217,998.3628887694044
26218,998.3628887694044
26219,998.3628887694044
26220,998.3628887694044
26221,998.3628887694044
26222,998.3628887694044
26223,998.3628887694044
26224,998.3628887694044
26225,998.3628887694044
26226,998.3628887694044
26227,998.3628887694044
26228,998.3628887694044
26229,998.3628887694044
26230,998.3628887694044
26231,998.3628887694044
26232,998.3628887694044
26233,998.3628887694044
26234,998.3628887694044
26235,998.3628887694044
26236,998.3628887694044
26237,998.3628887694044
26238,998.3628887694044
26239,998.3628887694044
26240,998.3628887694044
26241,998.3628887694044
26242,998.3628887694044
26243,998.3628887694044
26244,998.3628887694044
26245,998.3628887694044
26246,998.3628887694044
26247,998.3628887694044
26248,998.3628887694044
26249,998.3628887694044
26250,998.3628887694044
26251,998.3628887694044
26252,998.3628887694044
26253,998.3628887694044
26254,998.3628887694044
26255,998.3628887694044
26256,998.3628887694044
26257,998.3628887694044
26258,998.3628887694044
26259,998.3628887694044
26260,998.3628887694044
26261,998.3628887694044
26262,998.3628887694044
26263,998.3628887694044
26264,998.3628887694044
26265,998.3628887694044
26266,998.3628887694044
26267,998.3628887694044
26268,998.3628887694044
26269,998.3628887694044
26270,998.3628887694044
26271,998.3628887694044
26272,998.3628887694044
26273,998.3628887694044
26274,998.3628887694044
26275,998.3628887694044
26276,998.3628887694044
26277,998.3628887694044
26278,998.3628887694044
26279,998.3628887694044
26280,998.3628887694044
26281,998.3628887694044
26282,998.3628887694044
26283,998.3628887694044
26284,998.3628887694044
26285,998.3628887694044
26286,998.3628887694044
26287,998.3628887694044
26288,998.3628887694044
26289,998.3628887694044
26290,998.3628887694044
26291,998.3628887694044
26292,998.3628887694044
26293,998.3628887694044
26294,998.3628887694044
26295,998.3628887694044
26296,998.3628887694044
26297,998.3628887694044
26298,998.3628887694044
26299,998.3628887694044
26300,998.3628887694044
26301,998.3628887694044
26302,998.3628887694044
26303,998.3628887694044
26304,998.3628887694044
26305,998.3628887694044
26306,998.3628887694044
26307,998.3628887694044
26308,998.3628887694044
26309,998.3628887694044
26310,998.3628887694044
26311,998.3628887694044
26312,998.3628887694044
26313,998.3628887694044
26314,998.3628887694044
26315,998.3628887694044
26316,998.3628887694044
26317,998.3628887694044
26318,998.3628887694044
26319,998.3628887694044
26320,998.3628887694044
26321,998.3628887694044
26322,998.3628887694044
26323,998.3628887694044
26324,998.3628887694044
26325,998.3628887694044
26326,998.3628887694044
26327,998.3628887694044
26328,998.3628887694044
26329,998.3628887694044
26330,998.3628887694044
26331,998.3628887694044
26332,998.3628887694044
26333,998.3628887694044
26334,998.3628887694044
26335,998.3628887694044
26336,998.3628887694044
26337,998.3628887694044
26338,998.3628887694044
26339,998.3628887694044
26340,998.3628887694044
26341,998.3628887694044
26342,998.3628887694044
26343,998.3628887694044
26344,998.3628887694044
26345,998.3628887694044
26346,998.3628887694044
26347,998.3628887694044
26348,998.3628887694044
26349,998.3628887694044
26350,998.3628887694044
26351,998.3628887694044
26352,998.3628887694044
26353,998.3628887694044
26354,998.3628887694044
26355,998.3628887694044
26356,998.3628887694044
26357,998.3628887694044
26358,998.3628887694044
26359,998.3628887694044
26360,998.3628887694044
26361,998.3628887694044
26362,998.3628887694044
26363,998.3628887694044
26364,998.3628887694044
26365,998.3628887694044
26366,998.3628887694044
26367,998.3628887694044
26368,998.3628887694044
26369,998.3628887694044
26370,998.3628887694044
26371,998.3628887694044
26372,998.3628887694044
26373,998.3628887694044
26374,998.3628887694044
26375,998.3628887694044
26376,998.3628887694044
26377,998.3628887694044
26378,998.3628887694044
26379,998.3628887694044
26380,998.3628887694044
26381,998.3628887694044
26382,998.3628887694044
26383,998.3628887694044
26384,998.3628887694044
26385,998.3628887694044
26386,998.3628887694044
26387,998.3628887694044
26388,998.3628887694044
26389,998.3628887694044
26390,998.3628887694044
26391,998.3628887694044
26392,998.3628887694044
26393,998.3628887694044
26394,998.3628887694044
26395,998.3628887694044
26396,998.3628887694044
26397,998.3628887694044
26398,998.3628887694044
26399,998.3628887694044
26400,998.3628887694044
26401,998.3628887694044
26402,998.3628887694044
26403,998.3628887694044
26404,998.3628887694044
26405,998.3628887694044
26406,998.3628887694044
26407,998.3628887694044
26408,998.3628887694044
26409,998.3628887694044
26410,998.3628887694044
26411,998.3628887694044
26412,998.3628887694044
26413,998.3628887694044
26414,998.3628887694044
26415,998.3628887694044
26416,998.3628887694044
26417,998.3628887694044
26418,998.3628887694044
26419,998.3628887694044
26420,998.3628887694044
26421,998.3628887694044
26422,998.3628887694044
26423,998.3628887694044
26424,998.3628887694044
26425,998.3628887694044
26426,998.3628887694044
26427,998.3628887694044
26428,998.3628887694044
26429,998.3628887694044
26430,998.3628887694044
26431,998.3628887694044
26432,998.3628887694044
26433,998.3628887694044
26434,998.3628887694044
26435,998.3628887694044
26436,998.3628887694044
26437,998.3628887694044
26438,998.3628887694044
26439,998.3628887694044
26440,998.3628887694044
26441,998.3628887694044
26442,998.3628887694044
26443,998.3628887694044
26444,998.3628887694044
26445,998.3628887694044
26446,998.3628887694044
26447,998.3628887694044
26448,998.3628887694044
26449,998.3628887694044
26450,998.3628887694044
26451,998.3628887694044
26452,998.3628887694044
26453,998.3628887694044
26454,998.3628887694044
26455,998.3628887694044
26456,998.3628887694044
26457,998.3628887694044
26458,998.3628887694044
26459,998.3628887694044
26460,998.3628887694044
26461,998.3628887694044
26462,998.3628887694044
26463,998.3628887694044
26464,998.3628887694044
26465,998.3628887694044
26466,998.3628887694044
26467,998.3628887694044
26468,998.3628887694044
26469,998.3628887694044
26470,998.3628887694044
26471,998.3628887694044
26472,998.3628887694044
26473,998.3628887694044
26474,998.3628887694044
26475,998.3628887694044
26476,998.3628887694044
26477,998.3628887694044
26478,998.3628887694044
26479,998.3628887694044
26480,998.3628887694044
26481,998.3628887694044
26482,998.3628887694044
26483,998.3628887694044
26484,998.3628887694044
26485,998.3628887694044
26486,998.3628887694044
26487,998.3628887694044
26488,998.3628887694044
26489,998.3628887694044
26490,998.3628887694044
26491,998.3628887694044
26492,998.3628887694044
26493,998.3628887694044
26494,998.3628887694044
26495,998.3628887694044
26496,998.3628887694044
26497,998.3628887694044
26498,998.3628887694044
26499,998.3628887694044
26500,998.3628887694044
26501,998.3628887694044
26502,998.3628887694044
26503,998.3628887694044
26504,998.3628887694044
26505,998.3628887694044
26506,998.3628887694044
26507,998.3628887694044
26508,998.3628887694044
26509,998.3628887694044
26510,998.3628887694044
26511,998.3628887694044
26512,998.3628887694044
26513,998.3628887694044
26514,998.3628887694044
26515,998.3628887694044
26516,998.3628887694044
26517,998.3628887694044
26518,998.3628887694044
26519,998.3628887694044
26520,998.3628887694044
26521,998.3628887694044
26522,998.3628887694044
26523,998.3628887694044
26524,998.3628887694044
26525,998.3628887694044
26526,998.3628887694044
26527,998.3628887694044
26528,998.3628887694044
26529,998.3628887694044
26530,998.3628887694044
26531,998.3628887694044
26532,998.3628887694044
26533,998.3628887694044
26534,998.3628887694044
26535,998.3628887694044
26536,998.3628887694044
26537,998.3628887694044
26538,998.3628887694044
26539,998.3628887694044
26540,998.3628887694044
26541,998.3628887694044
26542,998.3628887694044
26543,998.3628887694044
26544,998.3628887694044
26545,998.3628887694044
26546,998.3628887694044
26547,998.3628887694044
26548,998.3628887694044
26549,998.3628887694044
26550,998.3628887694044
26551,998.3628887694044
26552,998.3628887694044
26553,998.3628887694044
26554,998.3628887694044
26555,998.3628887694044
26556,998.3628887694044
26557,998.3628887694044
26558,998.3628887694044
26559,998.3628887694044
26560,998.3628887694044
26561,998.3628887694044
26562,998.3628887694044
26563,998.3628887694044
26564,998.3628887694044
26565,998.3628887694044
26566,998.3628887694044
26567,998.3628887694044
26568,998.3628887694044
26569,998.3628887694044
26570,998.3628887694044
26571,998.3628887694044
26572,998.3628887694044
26573,998.3628887694044
26574,998.3628887694044
26575,998.3628887694044
26576,998.3628887694044
26577,998.3628887694044
26578,998.3628887694044
26579,998.3628887694044
26580,998.3628887694044
26581,998.3628887694044
26582,998.3628887694044
26583,998.3628887694044
26584,998.3628887694044
26585,998.3628887694044
26586,998.3628887694044
26587,998.3628887694044
26588,998.3628887694044
26589,998.3628887694044
26590,998.3628887694044
26591,998.3628887694044
26592,998.3628887694044
26593,998.3628887694044
26594,998.3628887694044
26595,998.3628887694044
26596,998.3628887694044
26597,998.3628887694044
26598,998.3628887694044
26599,998.3628887694044
26600,998.3628887694044
26601,998.3628887694044
26602,998.3628887694044
26603,998.3628887694044
26604,998.3628887694044
26605,998.3628887694044
26606,998.3628887694044
26607,998.3628887694044
26608,998.3628887694044
26609,998.3628887694044
26610,998.3628887694044
26611,998.3628887694044
26612,998.3628887694044
26613,998.3628887694044
26614,998.3628887694044
26615,998.3628887694044
26616,998.3628887694044
26617,998.3628887694044
26618,998.3628887694044
26619,998.3628887694044
26620,998.3628887694044
26621,998.3628887694044
26622,998.3628887694044
26623,998.3628887694044
26624,998.3628887694044
26625,998.3628887694044
26626,998.3628887694044
26627,998.3628887694044
26628,998.3628887694044
26629,998.3628887694044
26630,998.3628887694044
26631,998.3628887694044
26632,998.3628887694044
26633,998.3628887694044
26634,998.3628887694044
26635,998.3628887694044
26636,998.3628887694044
26637,998.3628887694044
26638,998.3628887694044
26639,998.3628887694044
26640,998.3628887694044
26641,998.3628887694044
26642,998.3628887694044
26643,998.3628887694044
26644,998.3628887694044
26645,998.3628887694044
26646,998.3628887694044
26647,998.3628887694044
26648,998.3628887694044
26649,998.3628887694044
26650,998.3628887694044
26651,998.3628887694044
26652,998.3628887694044
26653,998.3628887694044
26654,998.3628887694044
26655,998.3628887694044
26656,998.3628887694044
26657,998.3628887694044
26658,998.3628887694044
26659,998.3628887694044
26660,998.3628887694044
26661,998.3628887694044
26662,998.3628887694044
26663,998.3628887694044
26664,998.3628887694044
26665,998.3628887694044
26666,998.3628887694044
26667,998.3628887694044
26668,998.3628887694044
26669,998.3628887694044
26670,998.3628887694044
26671,998.3628887694044
26672,998.3628887694044
26673,998.3628887694044
26674,998.3628887694044
26675,998.3628887694044
26676,998.3628887694044
26677,998.3628887694044
26678,998.3628887694044
26679,998.3628887694044
26680,998.3628887694044
26681,998.3628887694044
26682,998.3628887694044
26683,998.3628887694044
26684,998.3628887694044
26685,998.3628887694044
26686,998.3628887694044
26687,998.3628887694044
26688,998.3628887694044
26689,998.3628887694044
26690,998.3628887694044
26691,998.3628887694044
26692,998.3628887694044
26693,998.3628887694044
26694,998.3628887694044
26695,998.3628887694044
26696,998.3628887694044
26697,998.3628887694044
26698,998.3628887694044
26699,998.3628887694044
26700,998.3628887694044
26701,998.3628887694044
26702,998.3628887694044
26703,998.3628887694044
26704,998.3628887694044
26705,998.3628887694044
26706,998.3628887694044
26707,998.3628887694044
26708,998.3628887694044
26709,998.3628887694044
26710,998.3628887694044
26711,998.3628887694044
26712,998.3628887694044
26713,998.3628887694044
26714,998.3628887694044
26715,998.3628887694044
26716,998.3628887694044
26717,998.3628887694044
26718,998.3628887694044
26719,998.3628887694044
26720,998.3628887694044
26721,998.3628887694044
26722,998.3628887694044
26723,998.3628887694044
26724,998.3628887694044
26725,998.3628887694044
26726,998.3628887694044
26727,998.3628887694044
26728,998.3628887694044
26729,998.3628887694044
26730,998.3628887694044
26731,998.3628887694044
26732,998.3628887694044
26733,998.3628887694044
26734,998.3628887694044
26735,998.3628887694044
26736,998.3628887694044
26737,998.3628887694044
26738,998.3628887694044
26739,998.3628887694044
26740,998.3628887694044
26741,998.3628887694044
26742,998.3628887694044
26743,998.3628887694044
26744,998.3628887694044
26745,998.3628887694044
26746,998.3628887694044
26747,998.3628887694044
26748,998.3628887694044
26749,998.3628887694044
26750,998.3628887694044
26751,998.3628887694044
26752,998.3628887694044
26753,998.3628887694044
26754,998.3628887694044
26755,998.3628887694044
26756,998.3628887694044
26757,998.3628887694044
26758,998.3628887694044
26759,998.3628887694044
26760,998.3628887694044
26761,998.3628887694044
26762,998.3628887694044
26763,998.3628887694044
26764,998.3628887694044
26765,998.3628887694044
26766,998.3628887694044
26767,998.3628887694044
26768,998.3628887694044
26769,998.3628887694044
26770,998.3628887694044
26771,998.3628887694044
26772,998.3628887694044
26773,998.3628887694044
26774,998.3628887694044
26775,998.3628887694044
26776,998.3628887694044
26777,998.3628887694044
26778,998.3628887694044
26779,998.3628887694044
26780,998.3628887694044
26781,998.3628887694044
26782,998.3628887694044
26783,998.3628887694044
26784,998.3628887694044
26785,998.3628887694044
26786,998.3628887694044
26787,998.3628887694044
26788,998.3628887694044
26789,998.3628887694044
26790,998.3628887694044
26791,998.3628887694044
26792,998.3628887694044
26793,998.3628887694044
26794,998.3628887694044
26795,998.3628887694044
26796,998.3628887694044
26797,998.3628887694044
26798,998.3628887694044
26799,998.3628887694044
26800,998.3628887694044
26801,998.3628887694044
26802,998.3628887694044
26803,998.3628887694044
26804,998.3628887694044
26805,998.3628887694044
26806,998.3628887694044
26807,998.3628887694044
26808,998.3628887694044
26809,998.3628887694044
26810,998.3628887694044
26811,998.3628887694044
26812,998.3628887694044
26813,998.3628887694044
26814,998.3628887694044
26815,998.3628887694044
26816,998.3628887694044
26817,998.3628887694044
26818,998.3628887694044
26819,998.3628887694044
26820,998.3628887694044
26821,998.3628887694044
26822,998.3628887694044
26823,998.3628887694044
26824,998.3628887694044
26825,998.3628887694044
26826,998.3628887694044
26827,998.3628887694044
26828,998.3628887694044
26829,998.3628887694044
26830,998.3628887694044
26831,998.3628887694044
26832,998.3628887694044
26833,998.3628887694044
26834,998.3628887694044
26835,998.3628887694044
26836,998.3628887694044
26837,998.3628887694044
26838,998.3628887694044
26839,998.3628887694044
26840,998.3628887694044
26841,998.3628887694044
26842,998.3628887694044
26843,998.3628887694044
26844,998.3628887694044
26845,998.3628887694044
26846,998.3628887694044
26847,998.3628887694044
26848,998.3628887694044
26849,998.3628887694044
26850,998.3628887694044
26851,998.3628887694044
26852,998.3628887694044
26853,998.3628887694044
26854,998.3628887694044
26855,998.3628887694044
26856,998.3628887694044
26857,998.3628887694044
26858,998.3628887694044
26859,998.3628887694044
26860,998.3628887694044
26861,998.3628887694044
26862,998.3628887694044
26863,998.3628887694044
26864,998.3628887694044
26865,998.3628887694044
26866,998.3628887694044
26867,998.3628887694044
26868,998.3628887694044
26869,998.3628887694044
26870,998.3628887694044
26871,998.3628887694044
26872,998.3628887694044
26873,998.3628887694044
26874,998.3628887694044
26875,998.3628887694044
26876,998.3628887694044
26877,998.3628887694044
26878,998.3628887694044
26879,998.3628887694044
26880,998.3628887694044
26881,998.3628887694044
26882,998.3628887694044
26883,998.3628887694044
26884,998.3628887694044
26885,998.3628887694044
26886,998.3628887694044
26887,998.3628887694044
26888,998.3628887694044
26889,998.3628887694044
26890,998.3628887694044
26891,998.3628887694044
26892,998.3628887694044
26893,998.3628887694044
26894,998.3628887694044
26895,998.3628887694044
26896,998.3628887694044
26897,998.3628887694044
26898,998.3628887694044
26899,998.3628887694044
26900,998.3628887694044
26901,998.3628887694044
26902,998.3628887694044
26903,998.3628887694044
26904,998.3628887694044
26905,998.3628887694044
26906,998.3628887694044
26907,998.3628887694044
26908,998.3628887694044
26909,998.3628887694044
26910,998.3628887694044
26911,998.3628887694044
26912,998.3628887694044
26913,998.3628887694044
26914,998.3628887694044
26915,998.3628887694044
26916,998.3628887694044
26917,998.3628887694044
26918,998.3628887694044
26919,998.3628887694044
26920,998.3628887694044
26921,998.3628887694044
26922,998.3628887694044
26923,998.3628887694044
26924,998.3628887694044
26925,998.3628887694044
26926,998.3628887694044
26927,998.3628887694044
26928,998.3628887694044
26929,998.3628887694044
26930,998.3628887694044
26931,998.3628887694044
26932,998.3628887694044
26933,998.3628887694044
26934,998.3628887694044
26935,998.3628887694044
26936,998.3628887694044
26937,998.3628887694044
26938,998.3628887694044
26939,998.3628887694044
26940,998.3628887694044
26941,998.3628887694044
26942,998.3628887694044
26943,998.3628887694044
26944,998.3628887694044
26945,998.3628887694044
26946,998.3628887694044
26947,998.3628887694044
26948,998.3628887694044
26949,998.3628887694044
26950,998.3628887694044
26951,998.3628887694044
26952,998.3628887694044
26953,998.3628887694044
26954,998.3628887694044
26955,998.3628887694044
26956,998.3628887694044
26957,998.3628887694044
26958,998.3628887694044
26959,998.3628887694044
26960,998.3628887694044
26961,998.3628887694044
26962,998.3628887694044
26963,998.3628887694044
26964,998.3628887694044
26965,998.3628887694044
26966,998.3628887694044
26967,998.3628887694044
26968,998.3628887694044
26969,998.3628887694044
26970,998.3628887694044
26971,998.3628887694044
26972,998.3628887694044
26973,998.3628887694044
26974,998.3628887694044
26975,998.3628887694044
26976,998.3628887694044
26977,998.3628887694044
26978,998.3628887694044
26979,998.3628887694044
26980,998.3628887694044
26981,998.3628887694044
26982,998.3628887694044
26983,998.3628887694044
26984,998.3628887694044
26985,998.3628887694044
26986,998.3628887694044
26987,998.3628887694044
26988,998.3628887694044
26989,998.3628887694044
26990,998.3628887694044
26991,998.3628887694044
26992,998.3628887694044
26993,998.3628887694044
26994,998.3628887694044
26995,998.3628887694044
26996,998.3628887694044
26997,998.3628887694044
26998,998.3628887694044
26999,998.3628887694044
27000,998.3628887694044
27001,998.3628887694044
27002,998.3628887694044
27003,998.3628887694044
27004,998.3628887694044
27005,998.3628887694044
27006,998.3628887694044
27007,998.3628887694044
27008,998.3628887694044
27009,998.3628887694044
27010,998.3628887694044
27011,998.3628887694044
27012,998.3628887694044
27013,998.3628887694044
27014,998.3628887694044
27015,998.3628887694044
27016,998.3628887694044
27017,998.3628887694044
27018,998.3628887694044
27019,998.3628887694044
27020,998.3628887694044
27021,998.3628887694044
27022,998.3628887694044
27023,998.3628887694044
27024,998.3628887694044
27025,998.3628887694044
27026,998.3628887694044
27027,998.3628887694044
27028,998.3628887694044
27029,998.3628887694044
27030,998.3628887694044
27031,998.3628887694044
27032,998.3628887694044
27033,998.3628887694044
27034,998.3628887694044
27035,998.3628887694044
27036,998.3628887694044
27037,998.3628887694044
27038,998.3628887694044
27039,998.3628887694044
27040,998.3628887694044
27041,998.3628887694044
27042,998.3628887694044
27043,998.3628887694044
27044,998.3628887694044
27045,998.3628887694044
27046,998.3628887694044
27047,998.3628887694044
27048,998.3628887694044
27049,998.3628887694044
27050,998.3628887694044
27051,998.3628887694044
27052,998.3628887694044
27053,998.3628887694044
27054,998.3628887694044
27055,998.3628887694044
27056,998.3628887694044
27057,998.3628887694044
27058,998.3628887694044
27059,998.3628887694044
27060,998.3628887694044
27061,998.3628887694044
27062,998.3628887694044
27063,998.3628887694044
27064,998.3628887694044
27065,998.3628887694044
27066,998.3628887694044
27067,998.3628887694044
27068,998.3628887694044
27069,998.3628887694044
27070,998.3628887694044
27071,998.3628887694044
27072,998.3628887694044
27073,998.3628887694044
27074,998.3628887694044
27075,998.3628887694044
27076,998.3628887694044
27077,998.3628887694044
27078,998.3628887694044
27079,998.3628887694044
27080,998.3628887694044
27081,998.3628887694044
27082,998.3628887694044
27083,998.3628887694044
27084,998.3628887694044
27085,998.3628887694044
27086,998.3628887694044
27087,998.3628887694044
27088,998.3628887694044
27089,998.3628887694044
27090,998.3628887694044
27091,998.3628887694044
27092,998.3628887694044
27093,998.3628887694044
27094,998.3628887694044
27095,998.3628887694044
27096,998.3628887694044
27097,998.3628887694044
27098,998.3628887694044
27099,998.3628887694044
27100,998.3628887694044
27101,998.3628887694044
27102,998.3628887694044
27103,998.3628887694044
27104,998.3628887694044
27105,998.3628887694044
27106,998.3628887694044
27107,998.3628887694044
27108,998.3628887694044
27109,998.3628887694044
27110,998.3628887694044
27111,998.3628887694044
27112,998.3628887694044
27113,998.3628887694044
27114,998.3628887694044
27115,998.3628887694044
27116,998.3628887694044
27117,998.3628887694044
27118,998.3628887694044
27119,998.3628887694044
27120,998.3628887694044
27121,998.3628887694044
27122,998.3628887694044
27123,998.3628887694044
27124,998.3628887694044
27125,998.3628887694044
27126,998.3628887694044
27127,998.3628887694044
27128,998.3628887694044
27129,998.3628887694044
27130,998.3628887694044
27131,998.3628887694044
27132,998.3628887694044
27133,998.3628887694044
27134,998.3628887694044
27135,998.3628887694044
27136,998.3628887694044
27137,998.3628887694044
27138,998.3628887694044
27139,998.3628887694044
27140,998.3628887694044
27141,998.3628887694044
27142,998.3628887694044
27143,998.3628887694044
27144,998.3628887694044
27145,998.3628887694044
27146,998.3628887694044
27147,998.3628887694044
27148,998.3628887694044
27149,998.3628887694044
27150,998.3628887694044
27151,998.3628887694044
27152,998.3628887694044
27153,998.3628887694044
27154,998.3628887694044
27155,998.3628887694044
27156,998.3628887694044
27157,998.3628887694044
27158,998.3628887694044
27159,998.3628887694044
27160,998.3628887694044
27161,998.3628887694044
27162,998.3628887694044
27163,998.3628887694044
27164,998.3628887694044
27165,998.3628887694044
27166,998.3628887694044
27167,998.3628887694044
27168,998.3628887694044
27169,998.3628887694044
27170,998.3628887694044
27171,998.3628887694044
27172,998.3628887694044
27173,998.3628887694044
27174,998.3628887694044
27175,998.3628887694044
27176,998.3628887694044
27177,998.3628887694044
27178,998.3628887694044
27179,998.3628887694044
27180,998.3628887694044
27181,998.3628887694044
27182,998.3628887694044
27183,998.3628887694044
27184,998.3628887694044
27185,998.3628887694044
27186,998.3628887694044
27187,998.3628887694044
27188,998.3628887694044
27189,998.3628887694044
27190,998.3628887694044
27191,998.3628887694044
27192,998.3628887694044
27193,998.3628887694044
27194,998.3628887694044
27195,998.3628887694044
27196,998.3628887694044
27197,998.3628887694044
27198,998.3628887694044
27199,998.3628887694044
27200,998.3628887694044
27201,998.3628887694044
27202,998.3628887694044
27203,998.3628887694044
27204,998.3628887694044
27205,998.3628887694044
27206,998.3628887694044
27207,998.3628887694044
27208,998.3628887694044
27209,998.3628887694044
27210,998.3628887694044
27211,998.3628887694044
27212,998.3628887694044
27213,998.3628887694044
27214,998.3628887694044
27215,998.3628887694044
27216,998.3628887694044
27217,998.3628887694044
27218,998.3628887694044
27219,998.3628887694044
27220,998.3628887694044
27221,998.3628887694044
27222,998.3628887694044
27223,998.3628887694044
27224,998.3628887694044
27225,998.3628887694044
27226,998.3628887694044
27227,998.3628887694044
27228,998.3628887694044
27229,998.3628887694044
27230,998.3628887694044
27231,998.3628887694044
27232,998.3628887694044
27233,998.3628887694044
27234,998.3628887694044
27235,998.3628887694044
27236,998.3628887694044
27237,998.3628887694044
27238,998.3628887694044
27239,998.3628887694044
27240,998.3628887694044
27241,998.3628887694044
27242,998.3628887694044
27243,998.3628887694044
27244,998.3628887694044
27245,998.3628887694044
27246,998.3628887694044
27247,998.3628887694044
27248,998.3628887694044
27249,998.3628887694044
27250,998.3628887694044
27251,998.3628887694044
27252,998.3628887694044
27253,998.3628887694044
27254,998.3628887694044
27255,998.3628887694044
27256,998.3628887694044
27257,998.3628887694044
27258,998.3628887694044
27259,998.3628887694044
27260,998.3628887694044
27261,998.3628887694044
27262,998.3628887694044
27263,998.3628887694044
27264,998.3628887694044
27265,998.3628887694044
27266,998.3628887694044
27267,998.3628887694044
27268,998.3628887694044
27269,998.3628887694044
27270,998.3628887694044
27271,998.3628887694044
27272,998.3628887694044
27273,998.3628887694044
27274,998.3628887694044
27275,998.3628887694044
27276,998.3628887694044
27277,998.3628887694044
27278,998.3628887694044
27279,998.3628887694044
27280,998.3628887694044
27281,998.3628887694044
27282,998.3628887694044
27283,998.3628887694044
27284,998.3628887694044
27285,998.3628887694044
27286,998.3628887694044
27287,998.3628887694044
27288,998.3628887694044
27289,998.3628887694044
27290,998.3628887694044
27291,998.3628887694044
27292,998.3628887694044
27293,998.3628887694044
27294,998.3628887694044
27295,998.3628887694044
27296,998.3628887694044
27297,998.3628887694044
27298,998.3628887694044
27299,998.3628887694044
27300,998.3628887694044
27301,998.3628887694044
27302,998.3628887694044
27303,998.3628887694044
27304,998.3628887694044
27305,998.3628887694044
27306,998.3628887694044
27307,998.3628887694044
27308,998.3628887694044
27309,998.3628887694044
27310,998.3628887694044
27311,998.3628887694044
27312,998.3628887694044
27313,998.3628887694044
27314,998.3628887694044
27315,998.3628887694044
27316,998.3628887694044
27317,998.3628887694044
27318,998.3628887694044
27319,998.3628887694044
27320,998.3628887694044
27321,998.3628887694044
27322,998.3628887694044
27323,998.3628887694044
27324,998.3628887694044
27325,998.3628887694044
27326,998.3628887694044
27327,998.3628887694044
27328,998.3628887694044
27329,998.3628887694044
27330,998.3628887694044
27331,998.3628887694044
27332,998.3628887694044
27333,998.3628887694044
27334,998.3628887694044
27335,998.3628887694044
27336,998.3628887694044
27337,998.3628887694044
27338,998.3628887694044
27339,998.3628887694044
27340,998.3628887694044
27341,998.3628887694044
27342,998.3628887694044
27343,998.3628887694044
27344,998.3628887694044
27345,998.3628887694044
27346,998.3628887694044
27347,998.3628887694044
27348,998.3628887694044
27349,998.3628887694044
27350,998.3628887694044
27351,998.3628887694044
27352,998.3628887694044
27353,998.3628887694044
27354,998.3628887694044
27355,998.3628887694044
27356,998.3628887694044
27357,998.3628887694044
27358,998.3628887694044
27359,998.3628887694044
27360,998.3628887694044
27361,998.3628887694044
27362,998.3628887694044
27363,998.3628887694044
27364,998.3628887694044
27365,998.3628887694044
27366,998.3628887694044
27367,998.3628887694044
27368,998.3628887694044
27369,998.3628887694044
27370,998.3628887694044
27371,998.3628887694044
27372,998.3628887694044
27373,998.3628887694044
27374,998.3628887694044
27375,998.3628887694044
27376,998.3628887694044
27377,998.3628887694044
27378,998.3628887694044
27379,998.3628887694044
27380,998.3628887694044
27381,998.3628887694044
27382,998.3628887694044
27383,998.3628887694044
27384,998.3628887694044
27385,998.3628887694044
27386,998.3628887694044
27387,998.3628887694044
27388,998.3628887694044
27389,998.3628887694044
27390,998.3628887694044
27391,998.3628887694044
27392,998.3628887694044
27393,998.3628887694044
27394,998.3628887694044
27395,998.3628887694044
27396,998.3628887694044
27397,998.3628887694044
27398,998.3628887694044
27399,998.3628887694044
27400,998.3628887694044
27401,998.3628887694044
27402,998.3628887694044
27403,998.3628887694044
27404,998.3628887694044
27405,998.3628887694044
27406,998.3628887694044
27407,998.3628887694044
27408,998.3628887694044
27409,998.3628887694044
27410,998.3628887694044
27411,998.3628887694044
27412,998.3628887694044
27413,998.3628887694044
27414,998.3628887694044
27415,998.3628887694044
27416,998.3628887694044
27417,998.3628887694044
27418,998.3628887694044
27419,998.3628887694044
27420,998.3628887694044
27421,998.3628887694044
27422,998.3628887694044
27423,998.3628887694044
27424,998.3628887694044
27425,998.3628887694044
27426,998.3628887694044
27427,998.3628887694044
27428,998.3628887694044
27429,998.3628887694044
27430,998.3628887694044
27431,998.3628887694044
27432,998.3628887694044
27433,998.3628887694044
27434,998.3628887694044
27435,998.3628887694044
27436,998.3628887694044
27437,998.3628887694044
27438,998.3628887694044
27439,998.3628887694044
27440,998.3628887694044
27441,998.3628887694044
27442,998.3628887694044
27443,998.3628887694044
27444,998.3628887694044
27445,998.3628887694044
27446,998.3628887694044
27447,998.3628887694044
27448,998.3628887694044
27449,998.3628887694044
27450,998.3628887694044
27451,998.3628887694044
27452,998.3628887694044
27453,998.3628887694044
27454,998.3628887694044
27455,998.3628887694044
27456,998.3628887694044
27457,998.3628887694044
27458,998.3628887694044
27459,998.3628887694044
27460,998.3628887694044
27461,998.3628887694044
27462,998.3628887694044
27463,998.3628887694044
27464,998.3628887694044
27465,998.3628887694044
27466,998.3628887694044
27467,998.3628887694044
27468,998.3628887694044
27469,998.3628887694044
27470,998.3628887694044
27471,998.3628887694044
27472,998.3628887694044
27473,998.3628887694044
27474,998.3628887694044
27475,998.3628887694044
27476,998.3628887694044
27477,998.3628887694044
27478,998.3628887694044
27479,998.3628887694044
27480,998.3628887694044
27481,998.3628887694044
27482,998.3628887694044
27483,998.3628887694044
27484,998.3628887694044
27485,998.3628887694044
27486,998.3628887694044
27487,998.3628887694044
27488,998.3628887694044
27489,998.3628887694044
27490,998.3628887694044
27491,998.3628887694044
27492,998.3628887694044
27493,998.3628887694044
27494,998.3628887694044
27495,998.3628887694044
27496,998.3628887694044
27497,998.3628887694044
27498,998.3628887694044
27499,998.3628887694044
27500,998.3628887694044
27501,998.3628887694044
27502,998.3628887694044
27503,998.3628887694044
27504,998.3628887694044
27505,998.3628887694044
27506,998.3628887694044
27507,998.3628887694044
27508,998.3628887694044
27509,998.3628887694044
27510,998.3628887694044
27511,998.3628887694044
27512,998.3628887694044
27513,998.3628887694044
27514,998.3628887694044
27515,998.3628887694044
27516,998.3628887694044
27517,998.3628887694044
27518,998.3628887694044
27519,998.3628887694044
27520,998.3628887694044
27521,998.3628887694044
27522,998.3628887694044
27523,998.3628887694044
27524,998.3628887694044
27525,998.3628887694044
27526,998.3628887694044
27527,998.3628887694044
27528,998.3628887694044
27529,998.3628887694044
27530,998.3628887694044
27531,998.3628887694044
27532,998.3628887694044
27533,998.3628887694044
27534,998.3628887694044
27535,998.3628887694044
27536,998.3628887694044
27537,998.3628887694044
27538,998.3628887694044
27539,998.3628887694044
27540,998.3628887694044
27541,998.3628887694044
27542,998.3628887694044
27543,998.3628887694044
27544,998.3628887694044
27545,998.3628887694044
27546,998.3628887694044
27547,998.3628887694044
27548,998.3628887694044
27549,998.3628887694044
27550,998.3628887694044
27551,998.3628887694044
27552,998.3628887694044
27553,998.3628887694044
27554,998.3628887694044
27555,998.3628887694044
27556,998.3628887694044
27557,998.3628887694044
27558,998.3628887694044
27559,998.3628887694044
27560,998.3628887694044
27561,998.3628887694044
27562,998.3628887694044
27563,998.3628887694044
27564,998.3628887694044
27565,998.3628887694044
27566,998.3628887694044
27567,998.3628887694044
27568,998.3628887694044
27569,998.3628887694044
27570,998.3628887694044
27571,998.3628887694044
27572,998.3628887694044
27573,998.3628887694044
27574,998.3628887694044
27575,998.3628887694044
27576,998.3628887694044
27577,998.3628887694044
27578,998.3628887694044
27579,998.3628887694044
27580,998.3628887694044
27581,998.3628887694044
27582,998.3628887694044
27583,998.3628887694044
27584,998.3628887694044
27585,998.3628887694044
27586,998.3628887694044
27587,998.3628887694044
27588,998.3628887694044
27589,998.3628887694044
27590,998.3628887694044
27591,998.3628887694044
27592,998.3628887694044
27593,998.3628887694044
27594,998.3628887694044
27595,998.3628887694044
27596,998.3628887694044
27597,998.3628887694044
27598,998.3628887694044
27599,998.3628887694044
27600,998.3628887694044
27601,998.3628887694044
27602,998.3628887694044
27603,998.3628887694044
27604,998.3628887694044
27605,998.3628887694044
27606,998.3628887694044
27607,998.3628887694044
27608,998.3628887694044
27609,998.3628887694044
27610,998.3628887694044
27611,998.3628887694044
27612,998.3628887694044
27613,998.3628887694044
27614,998.3628887694044
27615,998.3628887694044
27616,998.3628887694044
27617,998.3628887694044
27618,998.3628887694044
27619,998.3628887694044
27620,998.3628887694044
27621,998.3628887694044
27622,998.3628887694044
27623,998.3628887694044
27624,998.3628887694044
27625,998.3628887694044
27626,998.3628887694044
27627,998.3628887694044
27628,998.3628887694044
27629,998.3628887694044
27630,998.3628887694044
27631,998.3628887694044
27632,998.3628887694044
27633,998.3628887694044
27634,998.3628887694044
27635,998.3628887694044
27636,998.3628887694044
27637,998.3628887694044
27638,998.3628887694044
27639,998.3628887694044
27640,998.3628887694044
27641,998.3628887694044
27642,998.3628887694044
27643,998.3628887694044
27644,998.3628887694044
27645,998.3628887694044
27646,998.3628887694044
27647,998.3628887694044
27648,998.3628887694044
27649,998.3628887694044
27650,998.3628887694044
27651,998.3628887694044
27652,998.3628887694044
27653,998.3628887694044
27654,998.3628887694044
27655,998.3628887694044
27656,998.3628887694044
27657,998.3628887694044
27658,998.3628887694044
27659,998.3628887694044
27660,998.3628887694044
27661,998.3628887694044
27662,998.3628887694044
27663,998.3628887694044
27664,998.3628887694044
27665,998.3628887694044
27666,998.3628887694044
27667,998.3628887694044
27668,998.3628887694044
27669,998.3628887694044
27670,998.3628887694044
27671,998.3628887694044
27672,998.3628887694044
27673,998.3628887694044
27674,998.3628887694044
27675,998.3628887694044
27676,998.3628887694044
27677,998.3628887694044
27678,998.3628887694044
27679,998.3628887694044
27680,998.3628887694044
27681,998.3628887694044
27682,998.3628887694044
27683,998.3628887694044
27684,998.3628887694044
27685,998.3628887694044
27686,998.3628887694044
27687,998.3628887694044
27688,998.3628887694044
27689,998.3628887694044
27690,998.3628887694044
27691,998.3628887694044
27692,998.3628887694044
27693,998.3628887694044
27694,998.3628887694044
27695,998.3628887694044
27696,998.3628887694044
27697,998.3628887694044
27698,998.3628887694044
27699,998.3628887694044
27700,998.3628887694044
27701,998.3628887694044
27702,998.3628887694044
27703,998.3628887694044
27704,998.3628887694044
27705,998.3628887694044
27706,998.3628887694044
27707,998.3628887694044
27708,998.3628887694044
27709,998.3628887694044
27710,998.3628887694044
27711,998.3628887694044
27712,998.3628887694044
27713,998.3628887694044
27714,998.3628887694044
27715,998.3628887694044
27716,998.3628887694044
27717,998.3628887694044
27718,998.3628887694044
27719,998.3628887694044
27720,998.3628887694044
27721,998.3628887694044
27722,998.3628887694044
27723,998.3628887694044
27724,998.3628887694044
27725,998.3628887694044
27726,998.3628887694044
27727,998.3628887694044
27728,998.3628887694044
27729,998.3628887694044
27730,998.3628887694044
27731,998.3628887694044
27732,998.3628887694044
27733,998.3628887694044
27734,998.3628887694044
27735,998.3628887694044
27736,998.3628887694044
27737,998.3628887694044
27738,998.3628887694044
27739,998.3628887694044
27740,998.3628887694044
27741,998.3628887694044
27742,998.3628887694044
27743,998.3628887694044
27744,998.3628887694044
27745,998.3628887694044
27746,998.3628887694044
27747,998.3628887694044
27748,998.3628887694044
27749,998.3628887694044
27750,998.3628887694044
27751,998.3628887694044
27752,998.3628887694044
27753,998.3628887694044
27754,998.3628887694044
27755,998.3628887694044
27756,998.3628887694044
27757,998.3628887694044
27758,998.3628887694044
27759,998.3628887694044
27760,998.3628887694044
27761,998.3628887694044
27762,998.3628887694044
27763,998.3628887694044
27764,998.3628887694044
27765,998.3628887694044
27766,998.3628887694044
27767,998.3628887694044
27768,998.3628887694044
27769,998.3628887694044
27770,998.3628887694044
27771,998.3628887694044
27772,998.3628887694044
27773,998.3628887694044
27774,998.3628887694044
27775,998.3628887694044
27776,998.3628887694044
27777,998.3628887694044
27778,998.3628887694044
27779,998.3628887694044
27780,998.3628887694044
27781,998.3628887694044
27782,998.3628887694044
27783,998.3628887694044
27784,998.3628887694044
27785,998.3628887694044
27786,998.3628887694044
27787,998.3628887694044
27788,998.3628887694044
27789,998.3628887694044
27790,998.3628887694044
27791,998.3628887694044
27792,998.3628887694044
27793,998.3628887694044
27794,998.3628887694044
27795,998.3628887694044
27796,998.3628887694044
27797,998.3628887694044
27798,998.3628887694044
27799,998.3628887694044
27800,998.3628887694044
27801,998.3628887694044
27802,998.3628887694044
27803,998.3628887694044
27804,998.3628887694044
27805,998.3628887694044
27806,998.3628887694044
27807,998.3628887694044
27808,998.3628887694044
27809,998.3628887694044
27810,998.3628887694044
27811,998.3628887694044
27812,998.3628887694044
27813,998.3628887694044
27814,998.3628887694044
27815,998.3628887694044
27816,998.3628887694044
27817,998.3628887694044
27818,998.3628887694044
27819,998.3628887694044
27820,998.3628887694044
27821,998.3628887694044
27822,998.3628887694044
27823,998.3628887694044
27824,998.3628887694044
27825,998.3628887694044
27826,998.3628887694044
27827,998.3628887694044
27828,998.3628887694044
27829,998.3628887694044
27830,998.3628887694044
27831,998.3628887694044
27832,998.3628887694044
27833,998.3628887694044
27834,998.3628887694044
27835,998.3628887694044
27836,998.3628887694044
27837,998.3628887694044
27838,998.3628887694044
27839,998.3628887694044
27840,998.3628887694044
27841,998.3628887694044
27842,998.3628887694044
27843,998.3628887694044
27844,998.3628887694044
27845,998.3628887694044
27846,998.3628887694044
27847,998.3628887694044
27848,998.3628887694044
27849,998.3628887694044
27850,998.3628887694044
27851,998.3628887694044
27852,998.3628887694044
27853,998.3628887694044
27854,998.3628887694044
27855,998.3628887694044
27856,998.3628887694044
27857,998.3628887694044
27858,998.3628887694044
27859,998.3628887694044
27860,998.3628887694044
27861,998.3628887694044
27862,998.3628887694044
27863,998.3628887694044
27864,998.3628887694044
27865,998.3628887694044
27866,998.3628887694044
27867,998.3628887694044
27868,998.3628887694044
27869,998.3628887694044
27870,998.3628887694044
27871,998.3628887694044
27872,998.3628887694044
27873,998.3628887694044
27874,998.3628887694044
27875,998.3628887694044
27876,998.3628887694044
27877,998.3628887694044
27878,998.3628887694044
27879,998.3628887694044
27880,998.3628887694044
27881,998.3628887694044
27882,998.3628887694044
27883,998.3628887694044
27884,998.3628887694044
27885,998.3628887694044
27886,998.3628887694044
27887,998.3628887694044
27888,998.3628887694044
27889,998.3628887694044
27890,998.3628887694044
27891,998.3628887694044
27892,998.3628887694044
27893,998.3628887694044
27894,998.3628887694044
27895,998.3628887694044
27896,998.3628887694044
27897,998.3628887694044
27898,998.3628887694044
27899,998.3628887694044
27900,998.3628887694044
27901,998.3628887694044
27902,998.3628887694044
27903,998.3628887694044
27904,998.3628887694044
27905,998.3628887694044
27906,998.3628887694044
27907,998.3628887694044
27908,998.3628887694044
27909,998.3628887694044
27910,998.3628887694044
27911,998.3628887694044
27912,998.3628887694044
27913,998.3628887694044
27914,998.3628887694044
27915,998.3628887694044
27916,998.3628887694044
27917,998.3628887694044
27918,998.3628887694044
27919,998.3628887694044
27920,998.3628887694044
27921,998.3628887694044
27922,998.3628887694044
27923,998.3628887694044
27924,998.3628887694044
27925,998.3628887694044
27926,998.3628887694044
27927,998.3628887694044
27928,998.3628887694044
27929,998.3628887694044
27930,998.3628887694044
27931,998.3628887694044
27932,998.3628887694044
27933,998.3628887694044
27934,998.3628887694044
27935,998.3628887694044
27936,998.3628887694044
27937,998.3628887694044
27938,998.3628887694044
27939,998.3628887694044
27940,998.3628887694044
27941,998.3628887694044
27942,998.3628887694044
27943,998.3628887694044
27944,998.3628887694044
27945,998.3628887694044
27946,998.3628887694044
27947,998.3628887694044
27948,998.3628887694044
27949,998.3628887694044
27950,998.3628887694044
27951,998.3628887694044
27952,998.3628887694044
27953,998.3628887694044
27954,998.3628887694044
27955,998.3628887694044
27956,998.3628887694044
27957,998.3628887694044
27958,998.3628887694044
27959,998.3628887694044
27960,998.3628887694044
27961,998.3628887694044
27962,998.3628887694044
27963,998.3628887694044
27964,998.3628887694044
27965,998.3628887694044
27966,998.3628887694044
27967,998.3628887694044
27968,998.3628887694044
27969,998.3628887694044
27970,998.3628887694044
27971,998.3628887694044
27972,998.3628887694044
27973,998.3628887694044
27974,998.3628887694044
27975,998.3628887694044
27976,998.3628887694044
27977,998.3628887694044
27978,998.3628887694044
27979,998.3628887694044
27980,998.3628887694044
27981,998.3628887694044
27982,998.3628887694044
27983,998.3628887694044
27984,998.3628887694044
27985,998.3628887694044
27986,998.3628887694044
27987,998.3628887694044
27988,998.3628887694044
27989,998.3628887694044
27990,998.3628887694044
27991,998.3628887694044
27992,998.3628887694044
27993,998.3628887694044
27994,998.3628887694044
27995,998.3628887694044
27996,998.3628887694044
27997,998.3628887694044
27998,998.3628887694044
27999,998.3628887694044
28000,998.3628887694044
28001,998.3628887694044
28002,998.3628887694044
28003,998.3628887694044
28004,998.3628887694044
28005,998.3628887694044
28006,998.3628887694044
28007,998.3628887694044
28008,998.3628887694044
28009,998.3628887694044
28010,998.3628887694044
28011,998.3628887694044
28012,998.3628887694044
28013,998.3628887694044
28014,998.3628887694044
28015,998.3628887694044
28016,998.3628887694044
28017,998.3628887694044
28018,998.3628887694044
28019,998.3628887694044
28020,998.3628887694044
28021,998.3628887694044
28022,998.3628887694044
28023,998.3628887694044
28024,998.3628887694044
28025,998.3628887694044
28026,998.3628887694044
28027,998.3628887694044
28028,998.3628887694044
28029,998.3628887694044
28030,998.3628887694044
28031,998.3628887694044
28032,998.3628887694044
28033,998.3628887694044
28034,998.3628887694044
28035,998.3628887694044
28036,998.3628887694044
28037,998.3628887694044
28038,998.3628887694044
28039,998.3628887694044
28040,998.3628887694044
28041,998.3628887694044
28042,998.3628887694044
28043,998.3628887694044
28044,998.3628887694044
28045,998.3628887694044
28046,998.3628887694044
28047,998.3628887694044
28048,998.3628887694044
28049,998.3628887694044
28050,998.3628887694044
28051,998.3628887694044
28052,998.3628887694044
28053,998.3628887694044
28054,998.3628887694044
28055,998.3628887694044
28056,998.3628887694044
28057,998.3628887694044
28058,998.3628887694044
28059,998.3628887694044
28060,998.3628887694044
28061,998.3628887694044
28062,998.3628887694044
28063,998.3628887694044
28064,998.3628887694044
28065,998.3628887694044
28066,998.3628887694044
28067,998.3628887694044
28068,998.3628887694044
28069,998.3628887694044
28070,998.3628887694044
28071,998.3628887694044
28072,998.3628887694044
28073,998.3628887694044
28074,998.3628887694044
28075,998.3628887694044
28076,998.3628887694044
28077,998.3628887694044
28078,998.3628887694044
28079,998.3628887694044
28080,998.3628887694044
28081,998.3628887694044
28082,998.3628887694044
28083,998.3628887694044
28084,998.3628887694044
28085,998.3628887694044
28086,998.3628887694044
28087,998.3628887694044
28088,998.3628887694044
28089,998.3628887694044
28090,998.3628887694044
28091,998.3628887694044
28092,998.3628887694044
28093,998.3628887694044
28094,998.3628887694044
28095,998.3628887694044
28096,998.3628887694044
28097,998.3628887694044
28098,998.3628887694044
28099,998.3628887694044
28100,998.3628887694044
28101,998.3628887694044
28102,998.3628887694044
28103,998.3628887694044
28104,998.3628887694044
28105,998.3628887694044
28106,998.3628887694044
28107,998.3628887694044
28108,998.3628887694044
28109,998.3628887694044
28110,998.3628887694044
28111,998.3628887694044
28112,998.3628887694044
28113,998.3628887694044
28114,998.3628887694044
28115,998.3628887694044
28116,998.3628887694044
28117,998.3628887694044
28118,998.3628887694044
28119,998.3628887694044
28120,998.3628887694044
28121,998.3628887694044
28122,998.3628887694044
28123,998.3628887694044
28124,998.3628887694044
28125,998.3628887694044
28126,998.3628887694044
28127,998.3628887694044
28128,998.3628887694044
28129,998.3628887694044
28130,998.3628887694044
28131,998.3628887694044
28132,998.3628887694044
28133,998.3628887694044
28134,998.3628887694044
28135,998.3628887694044
28136,998.3628887694044
28137,998.3628887694044
28138,998.3628887694044
28139,998.3628887694044
28140,998.3628887694044
28141,998.3628887694044
28142,998.3628887694044
28143,998.3628887694044
28144,998.3628887694044
28145,998.3628887694044
28146,998.3628887694044
28147,998.3628887694044
28148,998.3628887694044
28149,998.3628887694044
28150,998.3628887694044
28151,998.3628887694044
28152,998.3628887694044
28153,998.3628887694044
28154,998.3628887694044
28155,998.3628887694044
28156,998.3628887694044
28157,998.3628887694044
28158,998.3628887694044
28159,998.3628887694044
28160,998.3628887694044
28161,998.3628887694044
28162,998.3628887694044
28163,998.3628887694044
28164,998.3628887694044
28165,998.3628887694044
28166,998.3628887694044
28167,998.3628887694044
28168,998.3628887694044
28169,998.3628887694044
28170,998.3628887694044
28171,998.3628887694044
28172,998.3628887694044
28173,998.3628887694044
28174,998.3628887694044
28175,998.3628887694044
28176,998.3628887694044
28177,998.3628887694044
28178,998.3628887694044
28179,998.3628887694044
28180,998.3628887694044
28181,998.3628887694044
28182,998.3628887694044
28183,998.3628887694044
28184,998.3628887694044
28185,998.3628887694044
28186,998.3628887694044
28187,998.3628887694044
28188,998.3628887694044
28189,998.3628887694044
28190,998.3628887694044
28191,998.3628887694044
28192,998.3628887694044
28193,998.3628887694044
28194,998.3628887694044
28195,998.3628887694044
28196,998.3628887694044
28197,998.3628887694044
28198,998.3628887694044
28199,998.3628887694044
28200,998.3628887694044
28201,998.3628887694044
28202,998.3628887694044
28203,998.3628887694044
28204,998.3628887694044
28205,998.3628887694044
28206,998.3628887694044
28207,998.3628887694044
28208,998.3628887694044
28209,998.3628887694044
28210,998.3628887694044
28211,998.3628887694044
28212,998.3628887694044
28213,998.3628887694044
28214,998.3628887694044
28215,998.3628887694044
28216,998.3628887694044
28217,998.3628887694044
28218,998.3628887694044
28219,998.3628887694044
28220,998.3628887694044
28221,998.3628887694044
28222,998.3628887694044
28223,998.3628887694044
28224,998.3628887694044
28225,998.3628887694044
28226,998.3628887694044
28227,998.3628887694044
28228,998.3628887694044
28229,998.3628887694044
28230,998.3628887694044
28231,998.3628887694044
28232,998.3628887694044
28233,998.3628887694044
28234,998.3628887694044
28235,998.3628887694044
28236,998.3628887694044
28237,998.3628887694044
28238,998.3628887694044
28239,998.3628887694044
28240,998.3628887694044
28241,998.3628887694044
28242,998.3628887694044
28243,998.3628887694044
28244,998.3628887694044
28245,998.3628887694044
28246,998.3628887694044
28247,998.3628887694044
28248,998.3628887694044
28249,998.3628887694044
28250,998.3628887694044
28251,998.3628887694044
28252,998.3628887694044
28253,998.3628887694044
28254,998.3628887694044
28255,998.3628887694044
28256,998.3628887694044
28257,998.3628887694044
28258,998.3628887694044
28259,998.3628887694044
28260,998.3628887694044
28261,998.3628887694044
28262,998.3628887694044
28263,998.3628887694044
28264,998.3628887694044
28265,998.3628887694044
28266,998.3628887694044
28267,998.3628887694044
28268,998.3628887694044
28269,998.3628887694044
28270,998.3628887694044
28271,998.3628887694044
28272,998.3628887694044
28273,998.3628887694044
28274,998.3628887694044
28275,998.3628887694044
28276,998.3628887694044
28277,998.3628887694044
28278,998.3628887694044
28279,998.3628887694044
28280,998.3628887694044
28281,998.3628887694044
28282,998.3628887694044
28283,998.3628887694044
28284,998.3628887694044
28285,998.3628887694044
28286,998.3628887694044
28287,998.3628887694044
28288,998.3628887694044
28289,998.3628887694044
28290,998.3628887694044
28291,998.3628887694044
28292,998.3628887694044
28293,998.3628887694044
28294,998.3628887694044
28295,998.3628887694044
28296,998.3628887694044
28297,998.3628887694044
28298,998.3628887694044
28299,998.3628887694044
28300,998.3628887694044
28301,998.3628887694044
28302,998.3628887694044
28303,998.3628887694044
28304,998.3628887694044
28305,998.3628887694044
28306,998.3628887694044
28307,998.3628887694044
28308,998.3628887694044
28309,998.3628887694044
28310,998.3628887694044
28311,998.3628887694044
28312,998.3628887694044
28313,998.3628887694044
28314,998.3628887694044
28315,998.3628887694044
28316,998.3628887694044
28317,998.3628887694044
28318,998.3628887694044
28319,998.3628887694044
28320,998.3628887694044
28321,998.3628887694044
28322,998.3628887694044
28323,998.3628887694044
28324,998.3628887694044
28325,998.3628887694044
28326,998.3628887694044
28327,998.3628887694044
28328,998.3628887694044
28329,998.3628887694044
28330,998.3628887694044
28331,998.3628887694044
28332,998.3628887694044
28333,998.3628887694044
28334,998.3628887694044
28335,998.3628887694044
28336,998.3628887694044
28337,998.3628887694044
28338,998.3628887694044
28339,998.3628887694044
28340,998.3628887694044
28341,998.3628887694044
28342,998.3628887694044
28343,998.3628887694044
28344,998.3628887694044
28345,998.3628887694044
28346,998.3628887694044
28347,998.3628887694044
28348,998.3628887694044
28349,998.3628887694044
28350,998.3628887694044
28351,998.3628887694044
28352,998.3628887694044
28353,998.3628887694044
28354,998.3628887694044
28355,998.3628887694044
28356,998.3628887694044
28357,998.3628887694044
28358,998.3628887694044
28359,998.3628887694044
28360,998.3628887694044
28361,998.3628887694044
28362,998.3628887694044
28363,998.3628887694044
28364,998.3628887694044
28365,998.3628887694044
28366,998.3628887694044
28367,998.3628887694044
28368,998.3628887694044
28369,998.3628887694044
28370,998.3628887694044
28371,998.3628887694044
28372,998.3628887694044
28373,998.3628887694044
28374,998.3628887694044
28375,998.3628887694044
28376,998.3628887694044
28377,998.3628887694044
28378,998.3628887694044
28379,998.3628887694044
28380,998.3628887694044
28381,998.3628887694044
28382,998.3628887694044
28383,998.3628887694044
28384,998.3628887694044
28385,998.3628887694044
28386,998.3628887694044
28387,998.3628887694044
28388,998.3628887694044
28389,998.3628887694044
28390,998.3628887694044
28391,998.3628887694044
28392,998.3628887694044
28393,998.3628887694044
28394,998.3628887694044
28395,998.3628887694044
28396,998.3628887694044
28397,998.3628887694044
28398,998.3628887694044
28399,998.3628887694044
28400,998.3628887694044
28401,998.3628887694044
28402,998.3628887694044
28403,998.3628887694044
28404,998.3628887694044
28405,998.3628887694044
28406,998.3628887694044
28407,998.3628887694044
28408,998.3628887694044
28409,998.3628887694044
28410,998.3628887694044
28411,998.3628887694044
28412,998.3628887694044
28413,998.3628887694044
28414,998.3628887694044
28415,998.3628887694044
28416,998.3628887694044
28417,998.3628887694044
28418,998.3628887694044
28419,998.3628887694044
28420,998.3628887694044
28421,998.3628887694044
28422,998.3628887694044
28423,998.3628887694044
28424,998.3628887694044
28425,998.3628887694044
28426,998.3628887694044
28427,998.3628887694044
28428,998.3628887694044
28429,998.3628887694044
28430,998.3628887694044
28431,998.3628887694044
28432,998.3628887694044
28433,998.3628887694044
28434,998.3628887694044
28435,998.3628887694044
28436,998.3628887694044
28437,998.3628887694044
28438,998.3628887694044
28439,998.3628887694044
28440,998.3628887694044
28441,998.3628887694044
28442,998.3628887694044
28443,998.3628887694044
28444,998.3628887694044
28445,998.3628887694044
28446,998.3628887694044
28447,998.3628887694044
28448,998.3628887694044
28449,998.3628887694044
28450,998.3628887694044
28451,998.3628887694044
28452,998.3628887694044
28453,998.3628887694044
28454,998.3628887694044
28455,998.3628887694044
28456,998.3628887694044
28457,998.3628887694044
28458,998.3628887694044
28459,998.3628887694044
28460,998.3628887694044
28461,998.3628887694044
28462,998.3628887694044
28463,998.3628887694044
28464,998.3628887694044
28465,998.3628887694044
28466,998.3628887694044
28467,998.3628887694044
28468,998.3628887694044
28469,998.3628887694044
28470,998.3628887694044
28471,998.3628887694044
28472,998.3628887694044
28473,998.3628887694044
28474,998.3628887694044
28475,998.3628887694044
28476,998.3628887694044
28477,998.3628887694044
28478,998.3628887694044
28479,998.3628887694044
28480,998.3628887694044
28481,998.3628887694044
28482,998.3628887694044
28483,998.3628887694044
28484,998.3628887694044
28485,998.3628887694044
28486,998.3628887694044
28487,998.3628887694044
28488,998.3628887694044
28489,998.3628887694044
28490,998.3628887694044
28491,998.3628887694044
28492,998.3628887694044
28493,998.3628887694044
28494,998.3628887694044
28495,998.3628887694044
28496,998.3628887694044
28497,998.3628887694044
28498,998.3628887694044
28499,998.3628887694044
28500,998.3628887694044
28501,998.3628887694044
28502,998.3628887694044
28503,998.3628887694044
28504,998.3628887694044
28505,998.3628887694044
28506,998.3628887694044
28507,998.3628887694044
28508,998.3628887694044
28509,998.3628887694044
28510,998.3628887694044
28511,998.3628887694044
28512,998.3628887694044
28513,998.3628887694044
28514,998.3628887694044
28515,998.3628887694044
28516,998.3628887694044
28517,998.3628887694044
28518,998.3628887694044
28519,998.3628887694044
28520,998.3628887694044
28521,998.3628887694044
28522,998.3628887694044
28523,998.3628887694044
28524,998.3628887694044
28525,998.3628887694044
28526,998.3628887694044
28527,998.3628887694044
28528,998.3628887694044
28529,998.3628887694044
28530,998.3628887694044
28531,998.3628887694044
28532,998.3628887694044
28533,998.3628887694044
28534,998.3628887694044
28535,998.3628887694044
28536,998.3628887694044
28537,998.3628887694044
28538,998.3628887694044
28539,998.3628887694044
28540,998.3628887694044
28541,998.3628887694044
28542,998.3628887694044
28543,998.3628887694044
28544,998.3628887694044
28545,998.3628887694044
28546,998.3628887694044
28547,998.3628887694044
28548,998.3628887694044
28549,998.3628887694044
28550,998.3628887694044
28551,998.3628887694044
28552,998.3628887694044
28553,998.3628887694044
28554,998.3628887694044
28555,998.3628887694044
28556,998.3628887694044
28557,998.3628887694044
28558,998.3628887694044
28559,998.3628887694044
28560,998.3628887694044
28561,998.3628887694044
28562,998.3628887694044
28563,998.3628887694044
28564,998.3628887694044
28565,998.3628887694044
28566,998.3628887694044
28567,998.3628887694044
28568,998.3628887694044
28569,998.3628887694044
28570,998.3628887694044
28571,998.3628887694044
28572,998.3628887694044
28573,998.3628887694044
28574,998.3628887694044
28575,998.3628887694044
28576,998.3628887694044
28577,998.3628887694044
28578,998.3628887694044
28579,998.3628887694044
28580,998.3628887694044
28581,998.3628887694044
28582,998.3628887694044
28583,998.3628887694044
28584,998.3628887694044
28585,998.3628887694044
28586,998.3628887694044
28587,998.3628887694044
28588,998.3628887694044
28589,998.3628887694044
28590,998.3628887694044
28591,998.3628887694044
28592,998.3628887694044
28593,998.3628887694044
28594,998.3628887694044
28595,998.3628887694044
28596,998.3628887694044
28597,998.3628887694044
28598,998.3628887694044
28599,998.3628887694044
28600,998.3628887694044
28601,998.3628887694044
28602,998.3628887694044
28603,998.3628887694044
28604,998.3628887694044
28605,998.3628887694044
28606,998.3628887694044
28607,998.3628887694044
28608,998.3628887694044
28609,998.3628887694044
28610,998.3628887694044
28611,998.3628887694044
28612,998.3628887694044
28613,998.3628887694044
28614,998.3628887694044
28615,998.3628887694044
28616,998.3628887694044
28617,998.3628887694044
28618,998.3628887694044
28619,998.3628887694044
28620,998.3628887694044
28621,998.3628887694044
28622,998.3628887694044
28623,998.3628887694044
28624,998.3628887694044
28625,998.3628887694044
28626,998.3628887694044
28627,998.3628887694044
28628,998.3628887694044
28629,998.3628887694044
28630,998.3628887694044
28631,998.3628887694044
28632,998.3628887694044
28633,998.3628887694044
28634,998.3628887694044
28635,998.3628887694044
28636,998.3628887694044
28637,998.3628887694044
28638,998.3628887694044
28639,998.3628887694044
28640,998.3628887694044
28641,998.3628887694044
28642,998.3628887694044
28643,998.3628887694044
28644,998.3628887694044
28645,998.3628887694044
28646,998.3628887694044
28647,998.3628887694044
28648,998.3628887694044
28649,998.3628887694044
28650,998.3628887694044
28651,998.3628887694044
28652,998.3628887694044
28653,998.3628887694044
28654,998.3628887694044
28655,998.3628887694044
28656,998.3628887694044
28657,998.3628887694044
28658,998.3628887694044
28659,998.3628887694044
28660,998.3628887694044
28661,998.3628887694044
28662,998.3628887694044
28663,998.3628887694044
28664,998.3628887694044
28665,998.3628887694044
28666,998.3628887694044
28667,998.3628887694044
28668,998.3628887694044
28669,998.3628887694044
28670,998.3628887694044
28671,998.3628887694044
28672,998.3628887694044
28673,998.3628887694044
28674,998.3628887694044
28675,998.3628887694044
28676,998.3628887694044
28677,998.3628887694044
28678,998.3628887694044
28679,998.3628887694044
28680,998.3628887694044
28681,998.3628887694044
28682,998.3628887694044
28683,998.3628887694044
28684,998.3628887694044
28685,998.3628887694044
28686,998.3628887694044
28687,998.3628887694044
28688,998.3628887694044
28689,998.3628887694044
28690,998.3628887694044
28691,998.3628887694044
28692,998.3628887694044
28693,998.3628887694044
28694,998.3628887694044
28695,998.3628887694044
28696,998.3628887694044
28697,998.3628887694044
28698,998.3628887694044
28699,998.3628887694044
28700,998.3628887694044
28701,998.3628887694044
28702,998.3628887694044
28703,998.3628887694044
28704,998.3628887694044
28705,998.3628887694044
28706,998.3628887694044
28707,998.3628887694044
28708,998.3628887694044
28709,998.3628887694044
28710,998.3628887694044
28711,998.3628887694044
28712,998.3628887694044
28713,998.3628887694044
28714,998.3628887694044
28715,998.3628887694044
28716,998.3628887694044
28717,998.3628887694044
28718,998.3628887694044
28719,998.3628887694044
28720,998.3628887694044
28721,998.3628887694044
28722,998.3628887694044
28723,998.3628887694044
28724,998.3628887694044
28725,998.3628887694044
28726,998.3628887694044
28727,998.3628887694044
28728,998.3628887694044
28729,998.3628887694044
28730,998.3628887694044
28731,998.3628887694044
28732,998.3628887694044
28733,998.3628887694044
28734,998.3628887694044
28735,998.3628887694044
28736,998.3628887694044
28737,998.3628887694044
28738,998.3628887694044
28739,998.3628887694044
28740,998.3628887694044
28741,998.3628887694044
28742,998.3628887694044
28743,998.3628887694044
28744,998.3628887694044
28745,998.3628887694044
28746,998.3628887694044
28747,998.3628887694044
28748,998.3628887694044
28749,998.3628887694044
28750,998.3628887694044
28751,998.3628887694044
28752,998.3628887694044
28753,998.3628887694044
28754,998.3628887694044
28755,998.3628887694044
28756,998.3628887694044
28757,998.3628887694044
28758,998.3628887694044
28759,998.3628887694044
28760,998.3628887694044
28761,998.3628887694044
28762,998.3628887694044
28763,998.3628887694044
28764,998.3628887694044
28765,998.3628887694044
28766,998.3628887694044
28767,998.3628887694044
28768,998.3628887694044
28769,998.3628887694044
28770,998.3628887694044
28771,998.3628887694044
28772,998.3628887694044
28773,998.3628887694044
28774,998.3628887694044
28775,998.3628887694044
28776,998.3628887694044
28777,998.3628887694044
28778,998.3628887694044
28779,998.3628887694044
28780,998.3628887694044
28781,998.3628887694044
28782,998.3628887694044
28783,998.3628887694044
28784,998.3628887694044
28785,998.3628887694044
28786,998.3628887694044
28787,998.3628887694044
28788,998.3628887694044
28789,998.3628887694044
28790,998.3628887694044
28791,998.3628887694044
28792,998.3628887694044
28793,998.3628887694044
28794,998.3628887694044
28795,998.3628887694044
28796,998.3628887694044
28797,998.3628887694044
28798,998.3628887694044
28799,998.3628887694044
28800,998.3628887694044
28801,998.3628887694044
28802,998.3628887694044
28803,998.3628887694044
28804,998.3628887694044
28805,998.3628887694044
28806,998.3628887694044
28807,998.3628887694044
28808,998.3628887694044
28809,998.3628887694044
28810,998.3628887694044
28811,998.3628887694044
28812,998.3628887694044
28813,998.3628887694044
28814,998.3628887694044
28815,998.3628887694044
28816,998.3628887694044
28817,998.3628887694044
28818,998.3628887694044
28819,998.3628887694044
28820,998.3628887694044
28821,998.3628887694044
28822,998.3628887694044
28823,998.3628887694044
28824,998.3628887694044
28825,998.3628887694044
28826,998.3628887694044
28827,998.3628887694044
28828,998.3628887694044
28829,998.3628887694044
28830,998.3628887694044
28831,998.3628887694044
28832,998.3628887694044
28833,998.3628887694044
28834,998.3628887694044
28835,998.3628887694044
28836,998.3628887694044
28837,998.3628887694044
28838,998.3628887694044
28839,998.3628887694044
28840,998.3628887694044
28841,998.3628887694044
28842,998.3628887694044
28843,998.3628887694044
28844,998.3628887694044
28845,998.3628887694044
28846,998.3628887694044
28847,998.3628887694044
28848,998.3628887694044
28849,998.3628887694044
28850,998.3628887694044
28851,998.3628887694044
28852,998.3628887694044
28853,998.3628887694044
28854,998.3628887694044
28855,998.3628887694044
28856,998.3628887694044
28857,998.3628887694044
28858,998.3628887694044
28859,998.3628887694044
28860,998.3628887694044
28861,998.3628887694044
28862,998.3628887694044
28863,998.3628887694044
28864,998.3628887694044
28865,998.3628887694044
28866,998.3628887694044
28867,998.3628887694044
28868,998.3628887694044
28869,998.3628887694044
28870,998.3628887694044
28871,998.3628887694044
28872,998.3628887694044
28873,998.3628887694044
28874,998.3628887694044
28875,998.3628887694044
28876,998.3628887694044
28877,998.3628887694044
28878,998.3628887694044
28879,998.3628887694044
28880,998.3628887694044
28881,998.3628887694044
28882,998.3628887694044
28883,998.3628887694044
28884,998.3628887694044
28885,998.3628887694044
28886,998.3628887694044
28887,998.3628887694044
28888,998.3628887694044
28889,998.3628887694044
28890,998.3628887694044
28891,998.3628887694044
28892,998.3628887694044
28893,998.3628887694044
28894,998.3628887694044
28895,998.3628887694044
28896,998.3628887694044
28897,998.3628887694044
28898,998.3628887694044
28899,998.3628887694044
28900,998.3628887694044
28901,998.3628887694044
28902,998.3628887694044
28903,998.3628887694044
28904,998.3628887694044
28905,998.3628887694044
28906,998.3628887694044
28907,998.3628887694044
28908,998.3628887694044
28909,998.3628887694044
28910,998.3628887694044
28911,998.3628887694044
28912,998.3628887694044
28913,998.3628887694044
28914,998.3628887694044
28915,998.3628887694044
28916,998.3628887694044
28917,998.3628887694044
28918,998.3628887694044
28919,998.3628887694044
28920,998.3628887694044
28921,998.3628887694044
28922,998.3628887694044
28923,998.3628887694044
28924,998.3628887694044
28925,998.3628887694044
28926,998.3628887694044
28927,998.3628887694044
28928,998.3628887694044
28929,998.3628887694044
28930,998.3628887694044
28931,998.3628887694044
28932,998.3628887694044
28933,998.3628887694044
28934,998.3628887694044
28935,998.3628887694044
28936,998.3628887694044
28937,998.3628887694044
28938,998.3628887694044
28939,998.3628887694044
28940,998.3628887694044
28941,998.3628887694044
28942,998.3628887694044
28943,998.3628887694044
28944,998.3628887694044
28945,998.3628887694044
28946,998.3628887694044
28947,998.3628887694044
28948,998.3628887694044
28949,998.3628887694044
28950,998.3628887694044
28951,998.3628887694044
28952,998.3628887694044
28953,998.3628887694044
28954,998.3628887694044
28955,998.3628887694044
28956,998.3628887694044
28957,998.3628887694044
28958,998.3628887694044
28959,998.3628887694044
28960,998.3628887694044
28961,998.3628887694044
28962,998.3628887694044
28963,998.3628887694044
28964,998.3628887694044
28965,998.3628887694044
28966,998.3628887694044
28967,998.3628887694044
28968,998.3628887694044
28969,998.3628887694044
28970,998.3628887694044
28971,998.3628887694044
28972,998.3628887694044
28973,998.3628887694044
28974,998.3628887694044
28975,998.3628887694044
28976,998.3628887694044
28977,998.3628887694044
28978,998.3628887694044
28979,998.3628887694044
28980,998.3628887694044
28981,998.3628887694044
28982,998.3628887694044
28983,998.3628887694044
28984,998.3628887694044
28985,998.3628887694044
28986,998.3628887694044
28987,998.3628887694044
28988,998.3628887694044
28989,998.3628887694044
28990,998.3628887694044
28991,998.3628887694044
28992,998.3628887694044
28993,998.3628887694044
28994,998.3628887694044
28995,998.3628887694044
28996,998.3628887694044
28997,998.3628887694044
28998,998.3628887694044
28999,998.3628887694044
29000,998.3628887694044
29001,998.3628887694044
29002,998.3628887694044
29003,998.3628887694044
29004,998.3628887694044
29005,998.3628887694044
29006,998.3628887694044
29007,998.3628887694044
29008,998.3628887694044
29009,998.3628887694044
29010,998.3628887694044
29011,998.3628887694044
29012,998.3628887694044
29013,998.3628887694044
29014,998.3628887694044
29015,998.3628887694044
29016,998.3628887694044
29017,998.3628887694044
29018,998.3628887694044
29019,998.3628887694044
29020,998.3628887694044
29021,998.3628887694044
29022,998.3628887694044
29023,998.3628887694044
29024,998.3628887694044
29025,998.3628887694044
29026,998.3628887694044
29027,998.3628887694044
29028,998.3628887694044
29029,998.3628887694044
29030,998.3628887694044
29031,998.3628887694044
29032,998.3628887694044
29033,998.3628887694044
29034,998.3628887694044
29035,998.3628887694044
29036,998.3628887694044
29037,998.3628887694044
29038,998.3628887694044
29039,998.3628887694044
29040,998.3628887694044
29041,998.3628887694044
29042,998.3628887694044
29043,998.3628887694044
29044,998.3628887694044
29045,998.3628887694044
29046,998.3628887694044
29047,998.3628887694044
29048,998.3628887694044
29049,998.3628887694044
29050,998.3628887694044
29051,998.3628887694044
29052,998.3628887694044
29053,998.3628887694044
29054,998.3628887694044
29055,998.3628887694044
29056,998.3628887694044
29057,998.3628887694044
29058,998.3628887694044
29059,998.3628887694044
29060,998.3628887694044
29061,998.3628887694044
29062,998.3628887694044
29063,998.3628887694044
29064,998.3628887694044
29065,998.3628887694044
29066,998.3628887694044
29067,998.3628887694044
29068,998.3628887694044
29069,998.3628887694044
29070,998.3628887694044
29071,998.3628887694044
29072,998.3628887694044
29073,998.3628887694044
29074,998.3628887694044
29075,998.3628887694044
29076,998.3628887694044
29077,998.3628887694044
29078,998.3628887694044
29079,998.3628887694044
29080,998.3628887694044
29081,998.3628887694044
29082,998.3628887694044
29083,998.3628887694044
29084,998.3628887694044
29085,998.3628887694044
29086,998.3628887694044
29087,998.3628887694044
29088,998.3628887694044
29089,998.3628887694044
29090,998.3628887694044
29091,998.3628887694044
29092,998.3628887694044
29093,998.3628887694044
29094,998.3628887694044
29095,998.3628887694044
29096,998.3628887694044
29097,998.3628887694044
29098,998.3628887694044
29099,998.3628887694044
29100,998.3628887694044
29101,998.3628887694044
29102,998.3628887694044
29103,998.3628887694044
29104,998.3628887694044
29105,998.3628887694044
29106,998.3628887694044
29107,998.3628887694044
29108,998.3628887694044
29109,998.3628887694044
29110,998.3628887694044
29111,998.3628887694044
29112,998.3628887694044
29113,998.3628887694044
29114,998.3628887694044
29115,998.3628887694044
29116,998.3628887694044
29117,998.3628887694044
29118,998.3628887694044
29119,998.3628887694044
29120,998.3628887694044
29121,998.3628887694044
29122,998.3628887694044
29123,998.3628887694044
29124,998.3628887694044
29125,998.3628887694044
29126,998.3628887694044
29127,998.3628887694044
29128,998.3628887694044
29129,998.3628887694044
29130,998.3628887694044
29131,998.3628887694044
29132,998.3628887694044
29133,998.3628887694044
29134,998.3628887694044
29135,998.3628887694044
29136,998.3628887694044
29137,998.3628887694044
29138,998.3628887694044
29139,998.3628887694044
29140,998.3628887694044
29141,998.3628887694044
29142,998.3628887694044
29143,998.3628887694044
29144,998.3628887694044
29145,998.3628887694044
29146,998.3628887694044
29147,998.3628887694044
29148,998.3628887694044
29149,998.3628887694044
29150,998.3628887694044
29151,998.3628887694044
29152,998.3628887694044
29153,998.3628887694044
29154,998.3628887694044
29155,998.3628887694044
29156,998.3628887694044
29157,998.3628887694044
29158,998.3628887694044
29159,998.3628887694044
29160,998.3628887694044
29161,998.3628887694044
29162,998.3628887694044
29163,998.3628887694044
29164,998.3628887694044
29165,998.3628887694044
29166,998.3628887694044
29167,998.3628887694044
29168,998.3628887694044
29169,998.3628887694044
29170,998.3628887694044
29171,998.3628887694044
29172,998.3628887694044
29173,998.3628887694044
29174,998.3628887694044
29175,998.3628887694044
29176,998.3628887694044
29177,998.3628887694044
29178,998.3628887694044
29179,998.3628887694044
29180,998.3628887694044
29181,998.3628887694044
29182,998.3628887694044
29183,998.3628887694044
29184,998.3628887694044
29185,998.3628887694044
29186,998.3628887694044
29187,998.3628887694044
29188,998.3628887694044
29189,998.3628887694044
29190,998.3628887694044
29191,998.3628887694044
29192,998.3628887694044
29193,998.3628887694044
29194,998.3628887694044
29195,998.3628887694044
29196,998.3628887694044
29197,998.3628887694044
29198,998.3628887694044
29199,998.3628887694044
29200,998.3628887694044
29201,998.3628887694044
29202,998.3628887694044
29203,998.3628887694044
29204,998.3628887694044
29205,998.3628887694044
29206,998.3628887694044
29207,998.3628887694044
29208,998.3628887694044
29209,998.3628887694044
29210,998.3628887694044
29211,998.3628887694044
29212,998.3628887694044
29213,998.3628887694044
29214,998.3628887694044
29215,998.3628887694044
29216,998.3628887694044
29217,998.3628887694044
29218,998.3628887694044
29219,998.3628887694044
29220,998.3628887694044
29221,998.3628887694044
29222,998.3628887694044
29223,998.3628887694044
29224,998.3628887694044
29225,998.3628887694044
29226,998.3628887694044
29227,998.3628887694044
29228,998.3628887694044
29229,998.3628887694044
29230,998.3628887694044
29231,998.3628887694044
29232,998.3628887694044
29233,998.3628887694044
29234,998.3628887694044
29235,998.3628887694044
29236,998.3628887694044
29237,998.3628887694044
29238,998.3628887694044
29239,998.3628887694044
29240,998.3628887694044
29241,998.3628887694044
29242,998.3628887694044
29243,998.3628887694044
29244,998.3628887694044
29245,998.3628887694044
29246,998.3628887694044
29247,998.3628887694044
29248,998.3628887694044
29249,998.3628887694044
29250,998.3628887694044
29251,998.3628887694044
29252,998.3628887694044
29253,998.3628887694044
29254,998.3628887694044
29255,998.3628887694044
29256,998.3628887694044
29257,998.3628887694044
29258,998.3628887694044
29259,998.3628887694044
29260,998.3628887694044
29261,998.3628887694044
29262,998.3628887694044
29263,998.3628887694044
29264,998.3628887694044
29265,998.3628887694044
29266,998.3628887694044
29267,998.3628887694044
29268,998.3628887694044
29269,998.3628887694044
29270,998.3628887694044
29271,998.3628887694044
29272,998.3628887694044
29273,998.3628887694044
29274,998.3628887694044
29275,998.3628887694044
29276,998.3628887694044
29277,998.3628887694044
29278,998.3628887694044
29279,998.3628887694044
29280,998.3628887694044
29281,998.3628887694044
29282,998.3628887694044
29283,998.3628887694044
29284,998.3628887694044
29285,998.3628887694044
29286,998.3628887694044
29287,998.3628887694044
29288,998.3628887694044
29289,998.3628887694044
29290,998.3628887694044
29291,998.3628887694044
29292,998.3628887694044
29293,998.3628887694044
29294,998.3628887694044
29295,998.3628887694044
29296,998.3628887694044
29297,998.3628887694044
29298,998.3628887694044
29299,998.3628887694044
29300,998.3628887694044
29301,998.3628887694044
29302,998.3628887694044
29303,998.3628887694044
29304,998.3628887694044
29305,998.3628887694044
29306,998.3628887694044
29307,998.3628887694044
29308,998.3628887694044
29309,998.3628887694044
29310,998.3628887694044
29311,998.3628887694044
29312,998.3628887694044
29313,998.3628887694044
29314,998.3628887694044
29315,998.3628887694044
29316,998.3628887694044
29317,998.3628887694044
29318,998.3628887694044
29319,998.3628887694044
29320,998.3628887694044
29321,998.3628887694044
29322,998.3628887694044
29323,998.3628887694044
29324,998.3628887694044
29325,998.3628887694044
29326,998.3628887694044
29327,998.3628887694044
29328,998.3628887694044
29329,998.3628887694044
29330,998.3628887694044
29331,998.3628887694044
29332,998.3628887694044
29333,998.3628887694044
29334,998.3628887694044
29335,998.3628887694044
29336,998.3628887694044
29337,998.3628887694044
29338,998.3628887694044
29339,998.3628887694044
29340,998.3628887694044
29341,998.3628887694044
29342,998.3628887694044
29343,998.3628887694044
29344,998.3628887694044
29345,998.3628887694044
29346,998.3628887694044
29347,998.3628887694044
29348,998.3628887694044
29349,998.3628887694044
29350,998.3628887694044
29351,998.3628887694044
29352,998.3628887694044
29353,998.3628887694044
29354,998.3628887694044
29355,998.3628887694044
29356,998.3628887694044
29357,998.3628887694044
29358,998.3628887694044
29359,998.3628887694044
29360,998.3628887694044
29361,998.3628887694044
29362,998.3628887694044
29363,998.3628887694044
29364,998.3628887694044
29365,998.3628887694044
29366,998.3628887694044
29367,998.3628887694044
29368,998.3628887694044
29369,998.3628887694044
29370,998.3628887694044
29371,998.3628887694044
29372,998.3628887694044
29373,998.3628887694044
29374,998.3628887694044
29375,998.3628887694044
29376,998.3628887694044
29377,998.3628887694044
29378,998.3628887694044
29379,998.3628887694044
29380,998.3628887694044
29381,998.3628887694044
29382,998.3628887694044
29383,998.3628887694044
29384,998.3628887694044
29385,998.3628887694044
29386,998.3628887694044
29387,998.3628887694044
29388,998.3628887694044
29389,998.3628887694044
29390,998.3628887694044
29391,998.3628887694044
29392,998.3628887694044
29393,998.3628887694044
29394,998.3628887694044
29395,998.3628887694044
29396,998.3628887694044
29397,998.3628887694044
29398,998.3628887694044
29399,998.3628887694044
29400,998.3628887694044
29401,998.3628887694044
29402,998.3628887694044
29403,998.3628887694044
29404,998.3628887694044
29405,998.3628887694044
29406,998.3628887694044
29407,998.3628887694044
29408,998.3628887694044
29409,998.3628887694044
29410,998.3628887694044
29411,998.3628887694044
29412,998.3628887694044
29413,998.3628887694044
29414,998.3628887694044
29415,998.3628887694044
29416,998.3628887694044
29417,998.3628887694044
29418,998.3628887694044
29419,998.3628887694044
29420,998.3628887694044
29421,998.3628887694044
29422,998.3628887694044
29423,998.3628887694044
29424,998.3628887694044
29425,998.3628887694044
29426,998.3628887694044
29427,998.3628887694044
29428,998.3628887694044
29429,998.3628887694044
29430,998.3628887694044
29431,998.3628887694044
29432,998.3628887694044
29433,998.3628887694044
29434,998.3628887694044
29435,998.3628887694044
29436,998.3628887694044
29437,998.3628887694044
29438,998.3628887694044
29439,998.3628887694044
29440,998.3628887694044
29441,998.3628887694044
29442,998.3628887694044
29443,998.3628887694044
29444,998.3628887694044
29445,998.3628887694044
29446,998.3628887694044
29447,998.3628887694044
29448,998.3628887694044
29449,998.3628887694044
29450,998.3628887694044
29451,998.3628887694044
29452,998.3628887694044
29453,998.3628887694044
29454,998.3628887694044
29455,998.3628887694044
29456,998.3628887694044
29457,998.3628887694044
29458,998.3628887694044
29459,998.3628887694044
29460,998.3628887694044
29461,998.3628887694044
29462,998.3628887694044
29463,998.3628887694044
29464,998.3628887694044
29465,998.3628887694044
29466,998.3628887694044
29467,998.3628887694044
29468,998.3628887694044
29469,998.3628887694044
29470,998.3628887694044
29471,998.3628887694044
29472,998.3628887694044
29473,998.3628887694044
29474,998.3628887694044
29475,998.3628887694044
29476,998.3628887694044
29477,998.3628887694044
29478,998.3628887694044
29479,998.3628887694044
29480,998.3628887694044
29481,998.3628887694044
29482,998.3628887694044
29483,998.3628887694044
29484,998.3628887694044
29485,998.3628887694044
29486,998.3628887694044
29487,998.3628887694044
29488,998.3628887694044
29489,998.3628887694044
29490,998.3628887694044
29491,998.3628887694044
29492,998.3628887694044
29493,998.3628887694044
29494,998.3628887694044
29495,998.3628887694044
29496,998.3628887694044
29497,998.3628887694044
29498,998.3628887694044
29499,998.3628887694044
29500,998.3628887694044
29501,998.3628887694044
29502,998.3628887694044
29503,998.3628887694044
29504,998.3628887694044
29505,998.3628887694044
29506,998.3628887694044
29507,998.3628887694044
29508,998.3628887694044
29509,998.3628887694044
29510,998.3628887694044
29511,998.3628887694044
29512,998.3628887694044
29513,998.3628887694044
29514,998.3628887694044
29515,998.3628887694044
29516,998.3628887694044
29517,998.3628887694044
29518,998.3628887694044
29519,998.3628887694044
29520,998.3628887694044
29521,998.3628887694044
29522,998.3628887694044
29523,998.3628887694044
29524,998.3628887694044
29525,998.3628887694044
29526,998.3628887694044
29527,998.3628887694044
29528,998.3628887694044
29529,998.3628887694044
29530,998.3628887694044
29531,998.3628887694044
29532,998.3628887694044
29533,998.3628887694044
29534,998.3628887694044
29535,998.3628887694044
29536,998.3628887694044
29537,998.3628887694044
29538,998.3628887694044
29539,998.3628887694044
29540,998.3628887694044
29541,998.3628887694044
29542,998.3628887694044
29543,998.3628887694044
29544,998.3628887694044
29545,998.3628887694044
29546,998.3628887694044
29547,998.3628887694044
29548,998.3628887694044
29549,998.3628887694044
29550,998.3628887694044
29551,998.3628887694044
29552,998.3628887694044
29553,998.3628887694044
29554,998.3628887694044
29555,998.3628887694044
29556,998.3628887694044
29557,998.3628887694044
29558,998.3628887694044
29559,998.3628887694044
29560,998.3628887694044
29561,998.3628887694044
29562,998.3628887694044
29563,998.3628887694044
29564,998.3628887694044
29565,998.3628887694044
29566,998.3628887694044
29567,998.3628887694044
29568,998.3628887694044
29569,998.3628887694044
29570,998.3628887694044
29571,998.3628887694044
29572,998.3628887694044
29573,998.3628887694044
29574,998.3628887694044
29575,998.3628887694044
29576,998.3628887694044
29577,998.3628887694044
29578,998.3628887694044
29579,998.3628887694044
29580,998.3628887694044
29581,998.3628887694044
29582,998.3628887694044
29583,998.3628887694044
29584,998.3628887694044
29585,998.3628887694044
29586,998.3628887694044
29587,998.3628887694044
29588,998.3628887694044
29589,998.3628887694044
29590,998.3628887694044
29591,998.3628887694044
29592,998.3628887694044
29593,998.3628887694044
29594,998.3628887694044
29595,998.3628887694044
29596,998.3628887694044
29597,998.3628887694044
29598,998.3628887694044
29599,998.3628887694044
29600,998.3628887694044
29601,998.3628887694044
29602,998.3628887694044
29603,998.3628887694044
29604,998.3628887694044
29605,998.3628887694044
29606,998.3628887694044
29607,998.3628887694044
29608,998.3628887694044
29609,998.3628887694044
29610,998.3628887694044
29611,998.3628887694044
29612,998.3628887694044
29613,998.3628887694044
29614,998.3628887694044
29615,998.3628887694044
29616,998.3628887694044
29617,998.3628887694044
29618,998.3628887694044
29619,998.3628887694044
29620,998.3628887694044
29621,998.3628887694044
29622,998.3628887694044
29623,998.3628887694044
29624,998.3628887694044
29625,998.3628887694044
29626,998.3628887694044
29627,998.3628887694044
29628,998.3628887694044
29629,998.3628887694044
29630,998.3628887694044
29631,998.3628887694044
29632,998.3628887694044
29633,998.3628887694044
29634,998.3628887694044
29635,998.3628887694044
29636,998.3628887694044
29637,998.3628887694044
29638,998.3628887694044
29639,998.3628887694044
29640,998.3628887694044
29641,998.3628887694044
29642,998.3628887694044
29643,998.3628887694044
29644,998.3628887694044
29645,998.3628887694044
29646,998.3628887694044
29647,998.3628887694044
29648,998.3628887694044
29649,998.3628887694044
29650,998.3628887694044
29651,998.3628887694044
29652,998.3628887694044
29653,998.3628887694044
29654,998.3628887694044
29655,998.3628887694044
29656,998.3628887694044
29657,998.3628887694044
29658,998.3628887694044
29659,998.3628887694044
29660,998.3628887694044
29661,998.3628887694044
29662,998.3628887694044
29663,998.3628887694044
29664,998.3628887694044
29665,998.3628887694044
29666,998.3628887694044
29667,998.3628887694044
29668,998.3628887694044
29669,998.3628887694044
29670,998.3628887694044
29671,998.3628887694044
29672,998.3628887694044
29673,998.3628887694044
29674,998.3628887694044
29675,998.3628887694044
29676,998.3628887694044
29677,998.3628887694044
29678,998.3628887694044
29679,998.3628887694044
29680,998.3628887694044
29681,998.3628887694044
29682,998.3628887694044
29683,998.3628887694044
29684,998.3628887694044
29685,998.3628887694044
29686,998.3628887694044
29687,998.3628887694044
29688,998.3628887694044
29689,998.3628887694044
29690,998.3628887694044
29691,998.3628887694044
29692,998.3628887694044
29693,998.3628887694044
29694,998.3628887694044
29695,998.3628887694044
29696,998.3628887694044
29697,998.3628887694044
29698,998.3628887694044
29699,998.3628887694044
29700,998.3628887694044
29701,998.3628887694044
29702,998.3628887694044
29703,998.3628887694044
29704,998.3628887694044
29705,998.3628887694044
29706,998.3628887694044
29707,998.3628887694044
29708,998.3628887694044
29709,998.3628887694044
29710,998.3628887694044
29711,998.3628887694044
29712,998.3628887694044
29713,998.3628887694044
29714,998.3628887694044
29715,998.3628887694044
29716,998.3628887694044
29717,998.3628887694044
29718,998.3628887694044
29719,998.3628887694044
29720,998.3628887694044
29721,998.3628887694044
29722,998.3628887694044
29723,998.3628887694044
29724,998.3628887694044
29725,998.3628887694044
29726,998.3628887694044
29727,998.3628887694044
29728,998.3628887694044
29729,998.3628887694044
29730,998.3628887694044
29731,998.3628887694044
29732,998.3628887694044
29733,998.3628887694044
29734,998.3628887694044
29735,998.3628887694044
29736,998.3628887694044
29737,998.3628887694044
29738,998.3628887694044
29739,998.3628887694044
29740,998.3628887694044
29741,998.3628887694044
29742,998.3628887694044
29743,998.3628887694044
29744,998.3628887694044
29745,998.3628887694044
29746,998.3628887694044
29747,998.3628887694044
29748,998.3628887694044
29749,998.3628887694044
29750,998.3628887694044
29751,998.3628887694044
29752,998.3628887694044
29753,998.3628887694044
29754,998.3628887694044
29755,998.3628887694044
29756,998.3628887694044
29757,998.3628887694044
29758,998.3628887694044
29759,998.3628887694044
29760,998.3628887694044
29761,998.3628887694044
29762,998.3628887694044
29763,998.3628887694044
29764,998.3628887694044
29765,998.3628887694044
29766,998.3628887694044
29767,998.3628887694044
29768,998.3628887694044
29769,998.3628887694044
29770,998.3628887694044
29771,998.3628887694044
29772,998.3628887694044
29773,998.3628887694044
29774,998.3628887694044
29775,998.3628887694044
29776,998.3628887694044
29777,998.3628887694044
29778,998.3628887694044
29779,998.3628887694044
29780,998.3628887694044
29781,998.3628887694044
29782,998.3628887694044
29783,998.3628887694044
29784,998.3628887694044
29785,998.3628887694044
29786,998.3628887694044
29787,998.3628887694044
29788,998.3628887694044
29789,998.3628887694044
29790,998.3628887694044
29791,998.3628887694044
29792,998.3628887694044
29793,998.3628887694044
29794,998.3628887694044
29795,998.3628887694044
29796,998.3628887694044
29797,998.3628887694044
29798,998.3628887694044
29799,998.3628887694044
29800,998.3628887694044
29801,998.3628887694044
29802,998.3628887694044
29803,998.3628887694044
29804,998.3628887694044
29805,998.3628887694044
29806,998.3628887694044
29807,998.3628887694044
29808,998.3628887694044
29809,998.3628887694044
29810,998.3628887694044
29811,998.3628887694044
29812,998.3628887694044
29813,998.3628887694044
29814,998.3628887694044
29815,998.3628887694044
29816,998.3628887694044
29817,998.3628887694044
29818,998.3628887694044
29819,998.3628887694044
29820,998.3628887694044
29821,998.3628887694044
29822,998.3628887694044
29823,998.3628887694044
29824,998.3628887694044
29825,998.3628887694044
29826,998.3628887694044
29827,998.3628887694044
29828,998.3628887694044
29829,998.3628887694044
29830,998.3628887694044
29831,998.3628887694044
29832,998.3628887694044
29833,998.3628887694044
29834,998.3628887694044
29835,998.3628887694044
29836,998.3628887694044
29837,998.3628887694044
29838,998.3628887694044
29839,998.3628887694044
29840,998.3628887694044
29841,998.3628887694044
29842,998.3628887694044
29843,998.3628887694044
29844,998.3628887694044
29845,998.3628887694044
29846,998.3628887694044
29847,998.3628887694044
29848,998.3628887694044
29849,998.3628887694044
29850,998.3628887694044
29851,998.3628887694044
29852,998.3628887694044
29853,998.3628887694044
29854,998.3628887694044
29855,998.3628887694044
29856,998.3628887694044
29857,998.3628887694044
29858,998.3628887694044
29859,998.3628887694044
29860,998.3628887694044
29861,998.3628887694044
29862,998.3628887694044
29863,998.3628887694044
29864,998.3628887694044
29865,998.3628887694044
29866,998.3628887694044
29867,998.3628887694044
29868,998.3628887694044
29869,998.3628887694044
29870,998.3628887694044
29871,998.3628887694044
29872,998.3628887694044
29873,998.3628887694044
29874,998.3628887694044
29875,998.3628887694044
29876,998.3628887694044
29877,998.3628887694044
29878,998.3628887694044
29879,998.3628887694044
29880,998.3628887694044
29881,998.3628887694044
29882,998.3628887694044
29883,998.3628887694044
29884,998.3628887694044
29885,998.3628887694044
29886,998.3628887694044
29887,998.3628887694044
29888,998.3628887694044
29889,998.3628887694044
29890,998.3628887694044
29891,998.3628887694044
29892,998.3628887694044
29893,998.3628887694044
29894,998.3628887694044
29895,998.3628887694044
29896,998.3628887694044
29897,998.3628887694044
29898,998.3628887694044
29899,998.3628887694044
29900,998.3628887694044
29901,998.3628887694044
29902,998.3628887694044
29903,998.3628887694044
29904,998.3628887694044
29905,998.3628887694044
29906,998.3628887694044
29907,998.3628887694044
29908,998.3628887694044
29909,998.3628887694044
29910,998.3628887694044
29911,998.3628887694044
29912,998.3628887694044
29913,998.3628887694044
29914,998.3628887694044
29915,998.3628887694044
29916,998.3628887694044
29917,998.3628887694044
29918,998.3628887694044
29919,998.3628887694044
29920,998.3628887694044
29921,998.3628887694044
29922,998.3628887694044
29923,998.3628887694044
29924,998.3628887694044
29925,998.3628887694044
29926,998.3628887694044
29927,998.3628887694044
29928,998.3628887694044
29929,998.3628887694044
29930,998.3628887694044
29931,998.3628887694044
29932,998.3628887694044
29933,998.3628887694044
29934,998.3628887694044
29935,998.3628887694044
29936,998.3628887694044
29937,998.3628887694044
29938,998.3628887694044
29939,998.3628887694044
29940,998.3628887694044
29941,998.3628887694044
29942,998.3628887694044
29943,998.3628887694044
29944,998.3628887694044
29945,998.3628887694044
29946,998.3628887694044
29947,998.3628887694044
29948,998.3628887694044
29949,998.3628887694044
29950,998.3628887694044
29951,998.3628887694044
29952,998.3628887694044
29953,998.3628887694044
29954,998.3628887694044
29955,998.3628887694044
29956,998.3628887694044
29957,998.3628887694044
29958,998.3628887694044
29959,998.3628887694044
29960,998.3628887694044
29961,998.3628887694044
29962,998.3628887694044
29963,998.3628887694044
29964,998.3628887694044
29965,998.3628887694044
29966,998.3628887694044
29967,998.3628887694044
29968,998.3628887694044
29969,998.3628887694044
29970,998.3628887694044
29971,998.3628887694044
29972,998.3628887694044
29973,998.3628887694044
29974,998.3628887694044
29975,998.3628887694044
29976,998.3628887694044
29977,998.3628887694044
29978,998.3628887694044
29979,998.3628887694044
29980,998.3628887694044
29981,998.3628887694044
29982,998.3628887694044
29983,998.3628887694044
29984,998.3628887694044
29985,998.3628887694044
29986,998.3628887694044
29987,998.3628887694044
29988,998.3628887694044
29989,998.3628887694044
29990,998.3628887694044
29991,998.3628887694044
29992,998.3628887694044
29993,998.3628887694044
29994,998.3628887694044
29995,998.3628887694044
29996,998.3628887694044
29997,998.3628887694044
29998,998.3628887694044
29999,998.3628887694044
30000,998.3628887694044
